"","X","gradu","skilled","income","net_in_ra","net_in","net_in_sum_ra","net_in_sum","region_service","region_manu","region_renov","연도","V13","Network"
"1","경기도2010",0.26850085,0.152156098,25513354,0.036695501,432516,0.118839223,1400713,0,0,0,2010,0.297404462236,0.779432018535731
"2","강원도2010",0.232405824,0.101984234,23174364,0.007184515,10991,0.019372239,29636,0,0,0,2010,0.236413771006,-0.393223248035326
"3","충청북도2010",0.227207818,0.109765133,28075267,0.015594426,24164,0.030657723,47505,0,0,0,2010,0.238239876357,-0.358113102306884
"4","충청남도2010",0.213879576,0.102578768,44353766,0.032692143,67853,0.063308173,131397,0,0,0,2010,0.223736049208,-0.636975154018561
"5","전라북도2010",0.242887288,0.108159352,22298424,-0.004696722,-8778,-0.034269806,-64049,0,0,0,2010,0.24818997448,-0.166804646351962
"6","전라남도2010",0.163574696,0.083735305,35259301,-0.012113204,-23239,-0.029509743,-56614,0,0,0,2010,0.174848170707,-1.57693217105733
"7","경상북도2010",0.193261959,0.092276208,34218137,-0.002397469,-6449,-0.016058098,-43195,0,0,0,2010,0.201875484069,-1.05728366870316
"8","경상남도2010",0.209055939,0.106747909,29872712,0.004521148,14877,-0.006001454,-19748,0,0,0,2010,0.223273320536,-0.645871941434332
"9","제주특별자치도2010",0.211252547,0.115036821,21672272,0.046548389,26591,0.155042844,88569,0,0,0,2010,0.230686583176,-0.503338690835682
"10","서울특별시2010",0.332751047,0.175110526,32314943,-0.050434592,-520109,-0.118983141,-1227019,0.232111482,0.132135443,0.338458807,2010,0.359058132111,1.96483423687934
"11","부산광역시2010",0.268413389,0.113665411,20171146,-0.029916954,-106741,-0.071037106,-253454,0.071043202,0.070053666,0.055030576,2010,0.2701297116,0.255026091455739
"12","대구광역시2010",0.265719634,0.124137972,17563960,-0.02469586,-62028,-0.069767359,-175233,0.049569337,0.055892186,0.039017358,2010,0.275629327442,0.360766055230189
"13","인천광역시2010",0.209058761,0.121657361,25124623,0.033199483,91574,0.035706828,98490,0.05389258,0.069231481,0.048441111,2010,0.233816298254,-0.443164313482858
"14","광주광역시2010",0.323859007,0.145336252,20938455,-0.001776389,-2584,-0.034324051,-49929,0.031844124,0.02414871,0.026777374,2010,0.331721048113,1.43922983928265
"15","대전광역시2010",0.318589502,0.164659032,22111260,-0.003810027,-5729,-0.069346609,-104274,0.033522088,0.020091366,0.042054483,2010,0.341656713538,1.63026080077113
"16","울산광역시2010",0.206378474,0.109280438,58824783,0.006611039,7446,-0.05527578,-62257,0.019358189,0.043505314,0.01462045,2010,0.223170850784,-0.647842105928678
"171","경기도2015",0.312877951,0.153939825,30503100,0.051850789,649307,0.077315936,968197,0,0,0,2015,0.330040167632,0.635300135426311
"172","강원도2015",0.286207919,0.111253953,26374831,0.0041994,6507,0.012032859,18645,0,0,0,2015,0.281005543504,-0.339106976745218
"173","충청북도2015",0.273400153,0.122553818,34844259,0.010369632,16425,0.014735926,23341,0,0,0,2015,0.279939457497,-0.360292043539971
"174","충청남도2015",0.262409913,0.111862014,48756614,0.026126165,54281,0.030584569,63544,0,0,0,2015,0.264610252389,-0.664911213092085
"175","전라북도2015",0.298592837,0.116485493,25147217,-0.021915686,-40976,-0.029561253,-55271,0,0,0,2015,0.29346037931,-0.0916067499949312
"176","전라남도2015",0.217313922,0.097156721,36080943,-0.01002307,-19134,-0.017483012,-33375,0,0,0,2015,0.222330744601,-1.50508188474232
"177","경상북도2015",0.238541654,0.100150819,38152724,-0.00854846,-23105,-0.0135954,-36746,0,0,0,2015,0.239455578411,-1.16478030894843
"178","경상남도2015",0.261683082,0.113211975,31679161,-0.001267274,-4264,-0.010290659,-34625,0,0,0,2015,0.265050805299,-0.656156625972761
"179","제주특별자치도2015",0.269869879,0.120134423,27141007,0.087577575,54683,0.099260885,61978,0,0,0,2015,0.275733041514,-0.443881175168427
"180","서울특별시2015",0.388245694,0.188937139,36934861,-0.053463113,-535817,-0.070534547,-706910,0.216102143,0.121346857,0.323465215,2015,0.408068262931,2.18586022150083
"181","부산광역시2015",0.329457591,0.12105844,23536353,-0.032290894,-113463,-0.041753646,-146713,0.068369591,0.065543158,0.054773939,2015,0.318514833917,0.406270804789851
"182","대구광역시2015",0.308646777,0.131168484,20830215,-0.028961396,-72051,-0.045503529,-113205,0.047484359,0.054058361,0.038044082,2015,0.310949389527,0.255931672973304
"183","인천광역시2015",0.261835888,0.128935606,27389806,0.003842006,11241,0.002363786,6916,0.056356813,0.068822696,0.052089877,2015,0.276275446258,-0.433102606970381
"184","광주광역시2015",0.371381417,0.147328192,23669075,-0.024031398,-35379,-0.032159375,-47345,0.030853762,0.023407737,0.025717019,2015,0.366727693563,1.36434796297416
"185","대전광역시2015",0.359532132,0.166681871,24468808,-0.051697585,-78517,-0.064884529,-98545,0.032890041,0.020121434,0.039324865,2015,0.372033300121,1.46978000933805
"186","울산광역시2015",0.261533565,0.113189627,62081209,-0.03616853,-42445,-0.059395808,-69703,0.020134833,0.046058874,0.016207354,2015,0.264929296744,-0.658571221827979
"341","경기도2020",0.406803299,0.158175487,34567749,0.024085955,318890,0.024085955,318890,0,0,0,2020,0.399440001702,0.604644440424714
"342","강원도2020",0.365996744,0.110754535,29583806,0.007874138,12138,0.007874138,12138,0,0,0,2020,0.337063154253,-0.371833959619976
"343","충청북도2020",0.352199049,0.123657619,41411378,0.004322481,6916,0.004322481,6916,0,0,0,2020,0.336430664276,-0.38173527438729
"344","충청남도2020",0.330939423,0.112755254,52355419,0.004361709,9263,0.004361709,9263,0,0,0,2020,0.313692136639,-0.737695570465153
"345","전라북도2020",0.390888263,0.121224003,26945144,-0.007859072,-14295,-0.007859072,-14295,0,0,0,2020,0.362063372062,0.0195319667657834
"346","전라남도2020",0.288101212,0.101397968,39530187,-0.007620622,-14241,-0.007620622,-14241,0,0,0,2020,0.27537592026,-1.3375168053572
"347","경상북도2020",0.31002228,0.102264949,38777123,-0.005116969,-13641,-0.005116969,-13641,0,0,0,2020,0.291487070903,-1.08530478685757
"348","경상남도2020",0.333196497,0.116543799,32200888,-0.009029151,-30361,-0.009029151,-30361,0,0,0,2020,0.317966389272,-0.670784279767573
"349","제주특별자치도2020",0.375591868,0.120917404,28307958,0.010872011,7295,0.010872011,7295,0,0,0,2020,0.351032055304,-0.153157788788875
"350","서울특별시2020",0.53285431,0.187399407,42136616,-0.017585684,-171093,-0.017585684,-171093,0.204688655,0.100646114,0.322340287,2020,0.509219377919,2.32318575872275
"351","부산광역시2020",0.42308521,0.130704823,25840195,-0.009739762,-33250,-0.009739762,-33250,0.066339095,0.056988051,0.050595451,2020,0.391529553331,0.480810321118415
"352","대구광역시2020",0.397275048,0.130367016,22237049,-0.016880015,-41154,-0.016880015,-41154,0.045421759,0.049389146,0.035715792,2020,0.373042939248,0.19141160861101
"353","인천광역시2020",0.32216439,0.12477692,29449845,-0.001462618,-4325,-0.001462618,-4325,0.055494594,0.068572554,0.0484646,2020,0.31598750617,-0.7017627066093
"354","광주광역시2020",0.458161411,0.140782628,26933507,-0.008215766,-11966,-0.008215766,-11966,0.030748097,0.023313344,0.025736502,2020,0.423453435573,0.980562756994092
"355","대전광역시2020",0.48197287,0.17499539,27309018,-0.013579502,-20028,-0.013579502,-20028,0.031680126,0.020320076,0.037119682,2020,0.46447655982,1.62275928291338
"356","울산광역시2020",0.324718442,0.114872468,62110778,-0.023743509,-27258,-0.023743509,-27258,0.018963593,0.04132928,0.014633414,2020,0.31079077337,-0.7831149636972
