"","X","gradu","skilled","income","net_in_ra","net_in","net_in_sum_ra","net_in_sum","region_service","region_manu","region_renov","연도","V13","Network"
"10","서울특별시2010",0.332751047,0.175110526,32314943,-0.050434592,-520109,-0.118983141,-1227019,0.232111482,0.132135443,0.338458807,2010,0.359058132111,1.7106214843496
"11","부산광역시2010",0.268413389,0.113665411,20171146,-0.029916954,-106741,-0.071037106,-253454,0.071043202,0.070053666,0.055030576,2010,0.2701297116,0.731227336640538
"12","대구광역시2010",0.265719634,0.124137972,17563960,-0.02469586,-62028,-0.069767359,-175233,0.049569337,0.055892186,0.039017358,2010,0.275629327442,0.791796179979396
"13","인천광역시2010",0.209058761,0.121657361,25124623,0.033199483,91574,0.035706828,98490,0.05389258,0.069231481,0.048441111,2010,0.233816298254,0.331297322028242
"14","광주광역시2010",0.323859007,0.145336252,20938455,-0.001776389,-2584,-0.034324051,-49929,0.031844124,0.02414871,0.026777374,2010,0.331721048113,1.40955035400427
"15","대전광역시2010",0.318589502,0.164659032,22111260,-0.003810027,-5729,-0.069346609,-104274,0.033522088,0.020091366,0.042054483,2010,0.341656713538,1.51897468106331
"16","울산광역시2010",0.206378474,0.109280438,58824783,0.006611039,7446,-0.05527578,-62257,0.019358189,0.043505314,0.01462045,2010,0.223170850784,0.214055962157551
"17","수원시2010",0.344773816,0.178759467,22162786,0.05016728,54057,0.028981889,31229,0.023577371,0.026387351,0.028282093,2010,0.370138031081,1.8326475829362
"18","성남시2010",0.411670453,0.189005923,25329489,-0.02739877,-26856,-0.089659148,-87883,0.022135151,0.015903272,0.028912269,2010,0.424678197832,2.43331404956257
"19","의정부시2010",0.241238292,0.124493197,11306305,-0.033872085,-14626,0.039136084,16899,0.00938339,0.006376742,0.008652133,2010,0.258572162723,0.603940742917724
"20","안양시2010",0.369243672,0.178292919,21726070,-0.06212342,-38623,-0.167908395,-104391,0.013006239,0.012564795,0.01821733,2010,0.387108369837,2.01954678081649
"21","부천시2010",0.275177386,0.141105185,15894613,-0.055040882,-48172,-0.126739594,-110923,0.018035755,0.022626886,0.019419299,2010,0.294311777697,0.997551351829654
"22","광명시2010",0.316239404,0.164961104,20098549,0.048813601,16791,-0.130745213,-44974,0.006777493,0.006817959,0.009284115,2010,0.340208759156,1.50302794502852
"23","평택시2010",0.207361622,0.097576525,49099808,0.05000751,20976,0.301690042,126546,0.006836839,0.013561313,0.004845195,2010,0.215591269929,0.130579868813957
"24","동두천시2010",0.156656017,0.092590902,16694489,0.012137622,1161,-0.007684025,-735,0.001968405,0.001949966,0.001220026,2010,0.176217571733,-0.303053938749907
"25","안산시2010",0.228087157,0.12076369,27229579,-0.037769394,-27001,-0.132035513,-94391,0.013289569,0.026671411,0.011975154,2010,0.246637548829,0.472501424241137
"26","고양시2010",0.397205821,0.177700445,16300203,0.041150808,39098,0.104712587,99489,0.020416027,0.011720305,0.025956399,2010,0.406458730062,2.23265783633201
"27","과천시2010",0.565536512,0.241590829,86869616,-0.058121999,-4201,-0.028749706,-2078,0.001407351,0.000583246,0.002827668,2010,0.570639030087,4.04082247132307
"28","구리시2010",0.298700716,0.147385721,13715481,-0.082724875,-16247,-0.069817412,-13712,0.004138094,0.002790866,0.004732642,2010,0.315383110959,1.22961597596944
"29","남양주시2010",0.277152494,0.138066353,11571506,0.159536357,90001,0.316399623,178494,0.011126169,0.008526678,0.011299234,2010,0.293559724829,0.989268778345782
"30","오산시2010",0.26043797,0.13974957,17215247,0.199023647,36325,0.270436564,49359,0.003184453,0.008390289,0.002811417,2010,0.28293259078,0.872229109422134
"31","시흥시2010",0.203721875,0.112792222,28257298,-0.051107363,-20637,0.207916354,83956,0.006821524,0.016823648,0.005332122,2010,0.223775466579,0.220714768957816
"32","군포시2010",0.374863236,0.183638213,18351426,-0.007188196,-2069,-0.104105506,-29965,0.005564315,0.007072792,0.007764349,2010,0.394860524443,2.10492347827299
"33","의왕시2010",0.384093838,0.179523338,17995259,0.080051274,11803,0.096145629,14176,0.002920951,0.002899055,0.004246918,2010,0.398477343432,2.14475654098562
"34","하남시2010",0.25803311,0.121768334,19875325,-0.028681743,-4316,1.070322105,161061,0.002968674,0.002187623,0.003120787,2010,0.268519620908,0.713494947017914
"35","용인시2010",0.496502644,0.213235459,30495246,0.097422851,85396,0.205149735,179824,0.018298163,0.016028894,0.024947034,2010,0.501784838821,3.28251155582874
"36","파주시2010",0.256264809,0.123132752,35223579,0.208544225,74165,0.391860125,139358,0.006525203,0.008668965,0.006812765,2010,0.268234075627,0.710350155111003
"37","이천시2010",0.194176266,0.108437564,47747348,4.94e-06,1,0.07626052,15450,0.003505251,0.007418126,0.002635665,2010,0.21394797781,0.112481822373044
"38","안성시2010",0.262367339,0.105431205,34790639,0.032680106,5815,0.078741352,14011,0.003440572,0.006223175,0.002078919,2010,0.260033570608,0.620035646231652
"39","김포시2010",0.279216174,0.131535028,34808798,0.439567171,104766,0.998590243,238003,0.00422178,0.005266139,0.003966439,2010,0.290401099814,0.954481937010668
"40","화성시2010",0.294228549,0.156109472,53915155,0.038097177,19271,0.658865091,333279,0.008435903,0.017683519,0.010325982,2010,0.318388980847,1.26272048137014
"41","광주시2010",0.235984633,0.117505779,26762227,0.198639652,49618,0.51513077,128674,0.004611359,0.005522767,0.00413918,2010,0.249917721284,0.508626902321635
"42","양주시2010",0.201365915,0.101310964,24155166,0.068991286,13571,0.237328805,46684,0.003578818,0.004562141,0.002786739,2010,0.213992553453,0.112972746687608
"43","포천시2010",0.140001771,0.068606093,31548059,-0.035081748,-5566,-0.058919185,-9348,0.002642817,0.003925569,0.001163449,2010,0.147485759848,-0.619485606506404
"44","여주시2010",0.162463474,0.087266697,32437108,0.009391304,1026,0.043377574,4739,0.002196354,0.00189741,0.001150207,2010,0.176559230897,-0.2992911485889
"45","연천군2010",0.139577867,0.069409377,26611063,-0.009407442,-425,-0.04154769,-1877,0.00073581,0.000452753,0.000325019,2010,0.147753981508,-0.616531604595842
"46","가평군2010",0.156283107,0.077528879,24239599,0.060995076,3592,0.118356257,6970,0.001232048,0.000267652,0.000461648,2010,0.165305074102,-0.423236398477374
"47","양평군2010",0.214809946,0.098242649,16381727,0.144230067,13822,0.342147277,32789,0.001695604,0.000488902,0.001202571,2010,0.221328184665,0.193762152790869
"48","춘천시2010",0.392556696,0.148834085,20597196,0.01948509,5260,0.055187998,14898,0.006830685,0.00145645,0.004623098,2010,0.382763282167,1.9716930866788
"49","원주시2010",0.305649588,0.122986298,19902224,0.03671372,11553,0.129106579,40627,0.007305591,0.0044378,0.004389566,2010,0.303045571402,1.09373912164299
"50","강릉시2010",0.32030726,0.11157821,18858469,-0.018983721,-4148,-0.012471225,-2725,0.005006817,0.001753841,0.003094906,2010,0.30534302729,1.11904166090318
"51","동해시2010",0.225660315,0.086559344,27587750,-0.022134487,-2108,-0.056260238,-5358,0.00170121,0.001005748,0.000797501,2010,0.220739298913,0.187276585456333
"52","태백시2010",0.188083112,0.087433534,16780159,-0.065665304,-3340,-0.178456276,-9077,0.001290847,0.000307903,0.000566978,2010,0.194790268722,-0.0985075110311072
"53","속초시2010",0.191884092,0.099854442,16174765,-0.030699153,-2588,-0.013024602,-1098,0.002148357,0.000415835,0.001084601,2010,0.206259143538,0.0278024898780949
"54","삼척시2010",0.26265973,0.073114804,25580449,0.003539405,255,-0.088110374,-6348,0.001244628,0.000473263,0.000696384,2010,0.237392595538,0.370684107605797
"55","홍천군2010",0.149784264,0.055631096,28029059,0.014851273,1038,0.022348447,1562,0.001125799,0.000549405,0.000530263,2010,0.14522865952,-0.644343698433967
"56","횡성군2010",0.136805033,0.059837243,26815520,0.043046956,1905,0.11901749,5267,0.000648842,0.000451471,0.000336455,2010,0.139026089132,-0.71265438138385
"57","영월군2010",0.127884525,0.066547943,28835474,0.00819165,331,0.0095528,386,0.000636125,0.000245861,0.000234134,2010,0.137463754876,-0.729860815708212
"58","평창군2010",0.144857671,0.062363146,28146348,0.006923112,302,-0.010086654,-440,0.00093477,0.000187152,0.000411089,2010,0.146505117619,-0.630285700048605
"59","정선군2010",0.14747417,0.062493297,31972664,-0.039980509,-1641,-0.07781703,-3194,0.000941334,0.000186126,0.000365948,2010,0.148446999169,-0.608899202743405
"60","철원군2010",0.149375306,0.063388045,28352354,-0.018169555,-889,-0.093239045,-4562,0.000773141,0.000267652,0.000343076,2010,0.150423689157,-0.587129350147824
"61","화천군2010",0.221947373,0.042608454,42136677,0.098013462,2388,-0.019085536,-465,0.000276493,7.2e-05,0.000104127,2010,0.187040969689,-0.183852759244854
"62","양구군2010",0.187432849,0.057948913,31425674,0.101725953,2222,0.004349219,95,0.000323669,8.87e-05,0.000122183,2010,0.173484905734,-0.333149571526081
"63","인제군2010",0.187755675,0.068912317,37768607,0.008542177,272,-0.005307456,-169,0.000571583,0.000119213,0.000214874,2010,0.181464270344,-0.245270545264683
"64","고성군2010",0.188178351,0.049476875,26812234,0.010195271,307,-0.04303932,-1296,0.000474222,0.000113573,0.000250385,2010,0.168022244782,-0.393311420084336
"65","양양군2010",0.173751913,0.073690147,29568477,-0.00458305,-128,0.054889183,1533,0.000643509,0.000192279,0.000196817,2010,0.17494153642,-0.317107280872044
"66","충주시2010",0.264971347,0.103100831,23461726,-0.000460474,-96,0.019809959,4130,0.003914383,0.003487686,0.002393105,2010,0.260227029846,0.622166268190624
"67","제천시2010",0.223730307,0.093792612,17660341,-0.000772235,-106,-0.018548199,-2546,0.002614238,0.00196663,0.001305494,2010,0.224488703733,0.228569853873778
"68","청주시2010",0.268025274,0.133359516,26279872,0.017464134,14127,0.018877138,15270,0.016093332,0.021856744,0.01304832,2010,0.28377904653,0.881551368864965
"69","보은군2010",0.105976673,0.063109179,23916781,0.007151848,250,0.007867033,275,0.000448378,0.000413785,0.000207049,2010,0.119543697364,-0.927219538071798
"70","옥천군2010",0.137794996,0.077511459,22000296,-0.021082832,-1139,-0.013086534,-707,0.000749758,0.000889611,0.00052605,2010,0.152221663685,-0.567327742064215
"71","영동군2010",0.185992825,0.062018406,18385389,0.026522574,1340,-0.014528037,-734,0.000673182,0.000415323,0.000370161,2010,0.175343940317,-0.312675491580472
"72","진천군2010",0.145899563,0.068480054,68619367,0.041372757,2569,0.360179728,22365,0.000909473,0.002965456,0.000396644,2010,0.151566389219,-0.57454446730746
"73","괴산군2010",0.132698939,0.045397006,31000760,0.075107937,2766,0.147853477,5445,0.000385887,0.000331233,0.000225106,2010,0.125913833115,-0.857063409819526
"74","음성군2010",0.149311259,0.070337784,49473483,0.047533839,4330,0.035491201,3233,0.001397642,0.003304892,0.000791482,2010,0.155291873401,-0.533514643722747
"75","단양군2010",0.127744129,0.059131934,30303674,-0.01329478,-423,-0.032718358,-1041,0.000531517,0.000300468,0.000264229,2010,0.132121376541,-0.788697957378793
"76","증평군2010",0.220283345,0.075155494,29067396,0.016282468,546,0.054125787,1815,0.000503758,0.000958575,0.000263627,2010,0.208875259173,0.0566145201371079
"77","천안시2010",0.319968231,0.139791946,40579379,0.058582718,32670,0.13528896,75447,0.011857604,0.019997021,0.008168817,2010,0.325050445139,1.33608509422696
"78","공주시2010",0.271066477,0.097823964,25471076,-0.037020732,-4625,-0.088377491,-11041,0.002287698,0.001445682,0.001481847,2010,0.260805541787,0.62853758577548
"79","보령시2010",0.142069674,0.0806848,26391370,-0.024686528,-2650,-0.047034822,-5049,0.001983446,0.00099498,0.000966631,2010,0.157487413118,-0.509334536423679
"80","아산시2010",0.285332086,0.114563321,96952245,0.086039873,22817,0.171201134,45401,0.004649373,0.013241617,0.002722337,2010,0.282726052749,0.86995444697251
"81","서산시2010",0.207834037,0.104589966,59579205,0.027363711,4391,0.074058379,11884,0.002780927,0.003231057,0.001714176,2010,0.220883770121,0.188867688219821
"82","논산시2010",0.195854122,0.075492991,23110767,-0.018822496,-2400,-0.062600485,-7982,0.0019669,0.001430043,0.001183913,2010,0.191842408891,-0.130973135070735
"83","계룡시2010",0.449259517,0.12818474,12306751,-0.083898069,-3615,-0.033675269,-1451,0.000721452,0.000285342,0.000486325,2010,0.408253089699,2.2524196325864
"84","당진시2010",0.168801934,0.085604324,57123725,0.13366873,19369,0.149948586,21728,0.002293167,0.004106055,0.001387351,2010,0.179865224406,-0.262881295850334
"85","금산군2010",0.213287679,0.052852488,30588466,-0.011563964,-654,-0.040880559,-2312,0.00072323,0.001003953,0.000400857,2010,0.188161098069,-0.171516464798702
"86","부여군2010",0.125095379,0.05930479,22726393,-0.03053486,-2291,-0.072505298,-5440,0.001038147,0.000703998,0.000449008,2010,0.130370919483,-0.807976241965093
"87","서천군2010",0.130704225,0.054433266,27954012,-0.020154781,-1211,-0.070133977,-4214,0.000744698,0.000654774,0.000465259,2010,0.130892206137,-0.802235162844686
"88","청양군2010",0.103281143,0.071002614,23933212,0.013797978,449,0.034571771,1125,0.000409543,0.000292264,0.000249783,2010,0.123218616199,-0.886746605126142
"89","홍성군2010",0.194742765,0.078937037,21672493,0.052794114,4650,0.163911533,14437,0.001393677,0.000802188,0.000955195,2010,0.193491620014,-0.112809900944665
"90","예산군2010",0.155443692,0.064834093,23453981,-0.013379003,-1164,-0.056033195,-4875,0.001292077,0.001241866,0.000560959,2010,0.155736393995,-0.528619011192695
"91","태안군2010",0.123483908,0.06155095,29289595,-0.001502048,-95,0.024143438,1527,0.001118688,0.000247399,0.000504382,2010,0.130819644606,-0.803034303753766
"92","전주시2010",0.395258047,0.151262705,17324905,0.000798098,512,-0.000291493,-187,0.014802485,0.007879852,0.011877046,2010,0.386390171664,2.01163705877836
"93","군산시2010",0.263928832,0.09749064,32463109,0.01498894,4086,-0.025550163,-6965,0.004917935,0.006128574,0.0029017,2010,0.255523566704,0.570365682407474
"94","익산시2010",0.284094836,0.103611658,22170598,-0.025685918,-7893,-0.099512186,-30579,0.005617782,0.005963727,0.003134028,2010,0.274108491258,0.775046775799328
"95","정읍시2010",0.153664679,0.081512418,19684131,-0.033254098,-4057,-0.078418033,-9567,0.001832483,0.001285962,0.001017792,2010,0.166270207579,-0.412607107259782
"96","남원시2010",0.165272452,0.082440025,18767143,-0.019572771,-1718,-0.053910567,-4732,0.001462322,0.000699383,0.000746942,2010,0.175132721239,-0.315001707740491
"97","김제시2010",0.150936841,0.063002027,24228807,-0.041676383,-3932,-0.085334831,-8051,0.001176667,0.000928067,0.000645825,2010,0.151254779676,-0.577976312391752
"98","완주군2010",0.242594039,0.078589837,37885173,0.05686157,4840,0.082684242,7038,0.001277583,0.001752303,0.000582627,2010,0.227077000332,0.257075505127106
"99","진안군2010",0.098009921,0.039921114,19754965,-0.036669934,-1010,-0.040155393,-1106,0.000237658,0.000168949,0.000149268,2010,0.097517241745,-1.16980319809929
"100","무주군2010",0.124848562,0.063699547,21554344,-0.0030104,-77,-0.005434358,-139,0.000392587,0.000106651,0.000188391,2010,0.133303513063,-0.775678749517154
"101","장수군2010",0.102158626,0.042192912,21300907,0.011673651,273,-0.003976738,-93,0.000227266,0.000111778,0.000129406,2010,0.102056537366,-1.11981063621207
"102","임실군2010",0.08859597,0.040948625,22845978,-0.009021672,-276,-0.059196548,-1811,0.000309995,0.000173308,0.000126396,2010,0.091588028665,-1.23510331877729
"103","순창군2010",0.106830417,0.052994616,20074183,0.031811712,961,-0.033235129,-1004,0.000284287,0.000230478,0.000167927,2010,0.112996298331,-0.999327917584093
"104","고창군2010",0.116898148,0.059512274,21088990,0.019585613,1192,-0.031728036,-1931,0.00075427,0.000316876,0.000364142,2010,0.124722168354,-0.870187554904394
"105","부안군2010",0.120716797,0.055307761,18951029,-0.027919119,-1679,-0.08184509,-4922,0.000837956,0.000299955,0.000441785,2010,0.124449362506,-0.873192043789463
"106","목포시2010",0.266025539,0.114773,14362046,-0.051356439,-12604,-0.129091931,-31682,0.005087769,0.004621876,0.003444,2010,0.269224567073,0.721258720899016
"107","여수시2010",0.199591069,0.098095268,89973055,-0.028318023,-8311,-0.072316415,-21224,0.004760134,0.004806463,0.003114166,2010,0.210464240259,0.0741144236269747
"108","순천시2010",0.257746572,0.117852948,18323857,0.009907564,2701,0.022243416,6064,0.00524051,0.002981607,0.003847867,2010,0.26554886064,0.680777113911164
"109","나주시2010",0.158099084,0.056444237,29425209,0.005759116,519,0.308761846,27825,0.001082999,0.000871409,0.000647631,2010,0.151682127947,-0.57326980356987
"110","광양시2010",0.195446957,0.097787495,63768177,0.016802738,2445,-0.016500357,-2401,0.002645826,0.003381291,0.001277807,2010,0.207316757564,0.0394502958511164
"111","담양군2010",0.136845034,0.05179159,22004895,0.00251004,120,0.023196954,1109,0.000490084,0.000447882,0.000234134,2010,0.133366093168,-0.774989536909443
"112","곡성군2010",0.084541824,0.040615805,34069529,-0.016621715,-530,-0.052342721,-1669,0.000294543,0.000245348,0.000176353,2010,0.088486443703,-1.26926196168301
"113","구례군2010",0.104754762,0.052857357,15434009,0.008694064,238,-0.001936073,-53,0.000355803,7.67e-05,0.000132415,2010,0.111431768133,-1.01655853644621
"114","고흥군2010",0.072489974,0.049261655,15306260,-0.033710297,-2492,-0.047372978,-3502,0.000728289,0.000336873,0.000384606,2010,0.086078401703,-1.29578241744603
"115","보성군2010",0.087218622,0.046275002,16186301,-0.053840794,-2627,-0.12126988,-5917,0.000509365,0.000203559,0.000275664,2010,0.094379992168,-1.20435462561774
"116","화순군2010",0.191355501,0.083742164,21034814,-0.041733941,-2895,-0.067235613,-4664,0.000935317,0.000656569,0.000612721,2010,0.194494049155,-0.101769861904873
"117","장흥군2010",0.100495287,0.059354529,16804642,0.050172194,2127,-0.050974194,-2161,0.000475863,0.000245604,0.000293721,2010,0.113013819912,-0.999134947397606
"118","강진군2010",0.103027729,0.050199219,15907625,-0.028565251,-1189,-0.129012108,-5370,0.000448515,0.000215096,0.000238347,2010,0.108331452236,-1.05070320277587
"119","해남군2010",0.093485528,0.060857955,21119755,-0.047889519,-3811,-0.136895412,-10894,0.000856417,0.000538894,0.000560959,2010,0.109120842481,-1.04200942207259
"120","영암군2010",0.155299332,0.053059286,52854049,-0.039862188,-2395,-0.115558736,-6943,0.000601256,0.001626681,0.000438776,2010,0.147309542926,-0.621426333904264
"121","무안군2010",0.239857203,0.084061319,25762323,0.120187983,8951,0.269432696,20066,0.001021191,0.000819365,0.000571191,2010,0.229010395054,0.278368534566487
"122","함평군2010",0.09641911,0.033022746,19417089,-0.037027955,-1359,-0.077080268,-2829,0.000299876,0.000187664,0.000110747,2010,0.091515392192,-1.23590328504406
"123","영광군2010",0.118181944,0.056887016,37797253,-0.004462885,-256,-0.062741885,-3599,0.00065732,0.000443267,0.000467667,2010,0.12377375472,-0.880632705705562
"124","장성군2010",0.147961994,0.041551914,32434428,-2.15e-05,-1,-0.029260008,-1361,0.000443182,0.000469674,0.000210661,2010,0.133986332956,-0.768158658602452
"125","완도군2010",0.099232506,0.055319789,15720577,-0.011056036,-600,-0.051336859,-2786,0.000549567,0.00023817,0.000312982,2010,0.109268472565,-1.04038352970359
"126","진도군2010",0.093498467,0.055371427,17104733,-0.017662923,-596,-0.035977832,-1214,0.00034418,9.23e-05,0.00022631,2010,0.105251015058,-1.08462893908359
"127","신안군2010",0.061061978,0.039921074,17676719,-0.014836665,-674,-0.075041824,-3409,0.000382742,0.000141517,0.00014987,2010,0.071395017764,-1.45749472736661
"128","포항시2010",0.23185419,0.107792948,36317749,-0.00582413,-2998,-0.03913318,-20144,0.010299426,0.012124348,0.006918095,2010,0.240130526566,0.400837725653276
"129","경주시2010",0.242874998,0.094609378,28966426,-0.029225228,-7806,-0.043575766,-11639,0.005026645,0.006162415,0.002551401,2010,0.238601453832,0.383997609990636
"130","김천시2010",0.172813373,0.086406687,21116827,-0.007536581,-1026,0.04458042,6069,0.002082858,0.002631659,0.001119511,2010,0.18326858242,-0.22539913995105
"131","안동시2010",0.24801662,0.113443573,16452592,-0.001155546,-194,-0.049497874,-8310,0.003161207,0.000991134,0.001903168,2010,0.255552356451,0.570682752131234
"132","구미시2010",0.217934986,0.108463368,72183523,0.008522671,3451,-0.042457769,-17192,0.006732231,0.021473724,0.004511749,2010,0.230763636278,0.297677481969815
"133","영주시2010",0.200311058,0.077318336,19407383,-0.020425539,-2327,-0.062882924,-7164,0.001778743,0.001092658,0.001001541,2010,0.196283981558,-0.0820568240456642
"134","영천시2010",0.148454179,0.06141022,23243160,-0.024614788,-2540,0.023025487,2376,0.001347732,0.001920996,0.000576608,2010,0.148374130093,-0.609701730733594
"135","상주시2010",0.202139132,0.083053877,17326663,-0.016618217,-1755,-0.033416346,-3529,0.00147832,0.000977034,0.000896812,2010,0.201631457363,-0.0231635424790024
"136","문경시2010",0.148187083,0.077039035,19021636,-0.004496647,-348,-0.025041672,-1938,0.001156156,0.000689384,0.00051341,2010,0.159234865426,-0.490089344009132
"137","경산시2010",0.403925526,0.111529405,23249230,0.04141117,9968,0.089959619,21654,0.004717197,0.006480573,0.00279336,2010,0.364426636217,1.76974635661379
"138","군위군2010",0.085276216,0.044234543,22444620,0.003719276,92,0.034605433,856,0.000254888,0.000147414,0.000110747,2010,0.091564106613,-1.2353667791828
"139","의성군2010",0.088546081,0.038226818,18418493,-0.030867555,-1816,-0.025598314,-1506,0.000487076,0.000329182,0.000270247,2010,0.089628439593,-1.25668483409042
"140","청송군2010",0.127994215,0.04405074,16750082,0.009283174,248,0.006101441,163,0.000329002,8.28e-05,0.000128202,2010,0.121635783185,-0.904178798139404
"141","영양군2010",0.098858632,0.050687517,19891644,0.009159395,169,-0.01696385,-313,0.000210173,6e-05,0.000106534,2010,0.105729127343,-1.07936335164612
"142","영덕군2010",0.098429485,0.04974947,15088970,-0.027696546,-1146,-0.064045243,-2650,0.000517159,0.000255603,0.00038581,2010,0.104762521185,-1.09000886192107
"143","청도군2010",0.126855794,0.049762101,18195113,0.028834674,1280,0.05640783,2504,0.000455488,0.000397889,0.000223902,2010,0.124868851765,-0.868572088516102
"144","고령군2010",0.116876819,0.053654881,29432454,0.023184728,804,-0.057212065,-1984,0.000381101,0.00069887,0.000233532,2010,0.1205659119,-0.915961596814001
"145","성주군2010",0.081974292,0.032151991,24111646,0.000750734,34,0.002340524,106,0.000418568,0.000364817,0.000202836,2010,0.080687282081,-1.35515636086082
"146","칠곡군2010",0.159837078,0.082907049,24637904,0.000361081,43,-0.075533014,-8995,0.001685348,0.00574376,0.000870329,2010,0.171620097789,-0.353687235159817
"147","예천군2010",0.116021038,0.058115357,18086251,-0.019086484,-898,0.259835491,12225,0.000483657,0.000340462,0.000347289,2010,0.123114431265,-0.887894023623544
"148","봉화군2010",0.114557112,0.06302541,24040264,0.006306593,218,-0.022217722,-768,0.000394638,0.000295597,0.000188391,2010,0.125550843054,-0.861061123254411
"149","울진군2010",0.161080706,0.086299697,31474621,0.004310509,226,-0.034159832,-1791,0.000764663,0.000296366,0.000485723,2010,0.174897944921,-0.317587366527059
"150","울릉군2010",0.118223989,0.071570577,21615270,-0.011961499,-128,-0.114475283,-1225,0.000173252,9.31e-05,7.88e-05,2010,0.134184758162,-0.765973345016563
"151","진주시2010",0.340300024,0.133432138,17545536,0.004175658,1399,0.024355519,8160,0.007314069,0.004582651,0.004363083,2010,0.334928638534,1.44487646537028
"152","통영시2010",0.161979662,0.083062881,26834047,-0.014676009,-2059,-0.102297269,-14352,0.00215287,0.003877884,0.001563704,2010,0.173245077901,-0.335790864093162
"153","사천시2010",0.196457014,0.093845098,28558730,0.014104496,1610,-0.022549672,-2574,0.001703808,0.002556542,0.00085769,2010,0.205243593184,0.0166179431640502
"154","김해시2010",0.258135985,0.116277572,22870520,0.028103817,14146,0.029365369,14781,0.008614078,0.017332546,0.006582844,2010,0.264710384799,0.671542739490117
"155","밀양시2010",0.187471538,0.075419892,18170090,-0.010463527,-1156,-0.006064501,-670,0.001675913,0.001259812,0.000969641,2010,0.18586424101,-0.196812408983729
"156","거제시2010",0.191778803,0.124914785,48712965,0.040086707,9154,-0.027006196,-6167,0.00334786,0.01453322,0.002889662,2010,0.223902366716,0.222112356487282
"157","양산시2010",0.23735936,0.10473092,31088367,0.122091616,31773,0.330315595,85961,0.004603291,0.009293231,0.002604367,2010,0.24185782796,0.419860990284453
"158","창원시2010",0.262860331,0.116563879,33487903,-0.039977765,-43583,-0.090085958,-98210,0.019915824,0.036518919,0.016174523,2010,0.26825291647,0.710557654707489
"159","의령군2010",0.103496193,0.047023512,22231758,-0.014223195,-429,-0.034381009,-1037,0.000298919,0.00023535,0.000146861,2010,0.106417431435,-1.07178286167817
"160","함안군2010",0.167106223,0.072947646,39658184,0.027348342,1838,-0.031410419,-2111,0.000846024,0.001686415,0.000504382,2010,0.169718085383,-0.37463464217101
"161","창녕군2010",0.112983478,0.059049187,25350814,0.057296562,3536,0.057507211,3549,0.000853408,0.000919094,0.000409284,2010,0.121627094155,-0.904274492913722
"162","고성군2010",0.188178351,0.049476875,63936737,0.010195271,307,-0.04303932,-1296,0.000474222,0.000113573,0.000250385,2010,0.168022244782,-0.393311420084336
"163","남해군2010",0.115058307,0.063748521,14666928,-0.032050762,-1581,-0.03565926,-1759,0.000663473,0.000165104,0.000320806,2010,0.126416427396,-0.851528195153
"164","하동군2010",0.112589433,0.046513065,29594517,-0.028985226,-1493,-0.079442428,-4092,0.000577599,0.000304057,0.000279276,2010,0.112485466086,-1.00495385930598
"165","산청군2010",0.129032258,0.046809513,17859600,0.047933466,1706,0.076760979,2732,0.00045289,0.000242784,0.000169732,2010,0.124320132097,-0.874615295271423
"166","함양군2010",0.135636178,0.066796117,18484783,0.020317013,837,0.032332451,1332,0.000524543,0.000394813,0.000390625,2010,0.143119632565,-0.667571015923905
"167","거창군2010",0.148722344,0.071876669,21124866,0.010375112,658,0.023903754,1516,0.000920686,0.00051941,0.000456231,2010,0.155963502191,-0.526117803628442
"168","합천군2010",0.10655845,0.055177379,15809183,-0.014601112,-746,-0.076959211,-3932,0.00064556,0.000266371,0.000241959,2010,0.114347231103,-0.984449708309236
"169","제주시2010",0.274769817,0.129194815,20845823,0.054974505,22954,0.141229921,58969,0.010575098,0.001938173,0.006708036,2010,0.285602994824,0.901639033467605
"170","서귀포시2010",0.152695418,0.075847131,23889628,0.023660517,3637,0.192562908,29600,0.003093383,0.000436858,0.001330773,2010,0.161579582143,-0.464266307712414
"180","서울특별시2015",0.388245694,0.188937139,36934861,-0.053463113,-535817,-0.070534547,-706910,0.216102143,0.121346857,0.323465215,2015,0.408068262931,1.80806043990784
"181","부산광역시2015",0.329457591,0.12105844,23536353,-0.032290894,-113463,-0.041753646,-146713,0.068369591,0.065543158,0.054773939,2015,0.318514833917,0.736786619605871
"182","대구광역시2015",0.308646777,0.131168484,20830215,-0.028961396,-72051,-0.045503529,-113205,0.047484359,0.054058361,0.038044082,2015,0.310949389527,0.646285757682534
"183","인천광역시2015",0.261835888,0.128935606,27389806,0.003842006,11241,0.002363786,6916,0.056356813,0.068822696,0.052089877,2015,0.276275446258,0.231502224771603
"184","광주광역시2015",0.371381417,0.147328192,23669075,-0.024031398,-35379,-0.032159375,-47345,0.030853762,0.023407737,0.025717019,2015,0.366727693563,1.31352806780411
"185","대전광역시2015",0.359532132,0.166681871,24468808,-0.051697585,-78517,-0.064884529,-98545,0.032890041,0.020121434,0.039324865,2015,0.372033300121,1.3769958486472
"186","울산광역시2015",0.261533565,0.113189627,62081209,-0.03616853,-42445,-0.059395808,-69703,0.020134833,0.046058874,0.016207354,2015,0.264929296744,0.0957750608940494
"187","수원시2015",0.410565202,0.184057335,26137640,-0.007949358,-9417,-0.019270249,-22828,0.02530878,0.026214837,0.02995504,2015,0.420398133659,1.95555526912927
"188","성남시2015",0.476923531,0.195504849,38796275,-0.052064804,-50577,-0.062822207,-61027,0.020605718,0.014504669,0.028069909,2015,0.47540686466,2.61359163979903
"189","의정부시2015",0.288932098,0.121523007,12814982,0.039819144,17279,0.072648795,31525,0.009236001,0.005623298,0.008301512,2015,0.290191759235,0.397974708645537
"190","안양시2015",0.418855016,0.178397831,25970751,-0.075929801,-45390,-0.110018752,-65768,0.012243391,0.011332451,0.017008453,2015,0.422257762829,1.97780089464272
"191","부천시2015",0.315208635,0.147050806,18649473,-0.046256303,-39271,-0.073912793,-62751,0.017290683,0.020501484,0.018539647,2015,0.326817424787,0.836105521602562
"192","광명시2015",0.348579357,0.150779693,20325342,-0.11130275,-38397,-0.179040403,-61765,0.006593004,0.006255782,0.008741629,2015,0.35304684835,1.14987234319753
"193","평택시2015",0.26534021,0.102127985,53276802,0.117635691,54175,0.229234885,105570,0.007961953,0.015470543,0.005006599,2015,0.259800013865,0.0344165341944546
"194","동두천시2015",0.202886027,0.099632728,19088064,-0.024465675,-2397,-0.019352073,-1896,0.00197277,0.001920782,0.001005981,2015,0.213880759785,-0.514887889827187
"195","안산시2015",0.261222943,0.114273831,33971707,-0.097862828,-68297,-0.096563187,-67390,0.012941147,0.024313886,0.011863098,2015,0.265476219218,0.102317565570664
"196","고양시2015",0.453049992,0.173845721,16627202,0.045518157,46772,0.058772065,60391,0.021093629,0.01215111,0.026606467,2015,0.443215269091,2.2285029397178
"197","과천시2015",0.628205253,0.212234658,63507368,-0.184970847,-12753,0.030792214,2123,0.001286243,0.000671212,0.002582163,2015,0.594191017077,4.03453502691598
"198","구리시2015",0.355461429,0.145145974,16223697,0.051108338,9543,0.013576405,2535,0.003925497,0.002314597,0.004326369,2015,0.353929433921,1.16043018365991
"199","남양주시2015",0.334411748,0.141084792,12856235,0.086024418,56213,0.135423458,88493,0.012882468,0.009626541,0.012869621,2015,0.33617605378,0.948057172639314
"200","오산시2015",0.287497435,0.125356559,21637240,0.051279324,10606,0.063018547,13034,0.003989247,0.007737254,0.002899242,2015,0.291887773758,0.418263110523011
"201","시흥시2015",0.236575987,0.107059458,34941882,0.174955305,69677,0.262627556,104593,0.006958967,0.016173951,0.005434791,2015,0.242950259615,-0.167146943667738
"202","군포시2015",0.413947517,0.172400858,21180559,-0.070204056,-20185,-0.097023153,-27896,0.005603903,0.006875667,0.00747277,2015,0.414548301125,1.88557724019366
"203","의왕시2015",0.446120799,0.184953402,19324566,0.002054013,324,0.015043743,2373,0.003135495,0.002905553,0.004617974,2015,0.446169460107,2.26384215040416
"204","하남시2015",0.338417368,0.131061181,28961509,0.714023501,119037,0.991986228,165377,0.003158436,0.002167383,0.003287325,2015,0.331921334143,0.89716052010432
"205","용인시2015",0.551729904,0.208728476,29379937,0.080899127,78937,0.096775185,94428,0.019153096,0.015665117,0.026809181,2015,0.53764407466,3.35809795804635
"206","파주시2015",0.3095148,0.133208214,42474115,0.083338648,35279,0.154003699,65193,0.007674592,0.011153974,0.006285214,2015,0.313005170898,0.670877834024719
"207","이천시2015",0.244510126,0.128207404,70355908,0.037338668,7652,0.075384878,15449,0.003850396,0.006615068,0.002303567,2015,0.26351129371,0.0788123432833646
"208","안성시2015",0.308871575,0.106745802,43142953,0.004705908,848,0.045483049,8196,0.003532367,0.005926125,0.00212687,2015,0.293841485539,0.441634189737338
"209","김포시2015",0.374998215,0.144861653,29395906,0.248001371,86798,0.38068802,133237,0.00631494,0.007991788,0.006855957,2015,0.367540926676,1.32325628651502
"210","화성시2015",0.357469396,0.166270565,79704898,0.418027744,249364,0.526395373,314008,0.009938104,0.022262687,0.010953595,2015,0.370284152427,1.35607184659553
"211","광주시2015",0.298908192,0.132183281,25087197,0.209172721,65383,0.252915263,79056,0.006118134,0.007688727,0.005110666,2015,0.304781671411,0.572505054682987
"212","양주시2015",0.241104041,0.102313523,27041295,0.089388061,18341,0.161381979,33113,0.003709734,0.004883494,0.002591377,2015,0.242796217748,-0.168989653892957
"213","포천시2015",0.202811824,0.076252704,39724625,-0.040369349,-6265,-0.024369813,-3782,0.002685618,0.00476101,0.001456938,2015,0.197298621296,-0.71325004126541
"214","여주시2015",0.218895455,0.088645991,30514496,0.013149244,1460,0.033440509,3713,0.002114156,0.001965343,0.001223329,2015,0.217431802322,-0.472408903298686
"215","연천군2015",0.197263302,0.070912958,28722100,-0.023291416,-1065,-0.031755057,-1452,0.000693168,0.000407813,0.000345806,2015,0.18960061582,-0.80533665174786
"216","가평군2015",0.255757208,0.088133536,24097810,0.03946265,2447,0.054476842,3378,0.001468198,0.000339456,0.000507869,2015,0.243130756008,-0.16498777385583
"217","양평군2015",0.312695277,0.132851358,14824107,0.121736401,13186,0.175108017,18967,0.0021441,0.000557127,0.001402195,2015,0.315001470945,0.694758371055684
"218","춘천시2015",0.436488863,0.149259608,23238474,0.01711889,4759,0.034669439,9638,0.006737409,0.001491971,0.004366478,2015,0.414124168997,1.88050360258896
"219","원주시2015",0.361184063,0.134675322,24031151,0.059193081,19711,0.08731062,29074,0.007259006,0.004759844,0.00454155,2015,0.350572585195,1.12027422091821
"220","강릉시2015",0.390878894,0.117205813,22093428,-0.001589299,-341,0.006632177,1423,0.004896246,0.001753737,0.003051006,2015,0.359215887849,1.22366885310732
"221","동해시2015",0.276279473,0.094678335,29802876,-0.038266148,-3593,-0.034613132,-3250,0.001740466,0.000860187,0.000893242,2015,0.262267170256,0.0639296425295444
"222","태백시2015",0.239529099,0.096713891,19202101,-0.079387802,-3771,-0.120776405,-5737,0.001122519,0.000286496,0.000398924,2015,0.23772379393,-0.229668009836759
"223","속초시2015",0.261382843,0.101512565,17093314,-0.002378281,-195,0.018172505,1490,0.002143738,0.000443509,0.001007065,2015,0.256567053456,-0.00425742710850195
"224","삼척시2015",0.345207102,0.082656947,37673033,-0.053925098,-3820,-0.093211367,-6603,0.001247002,0.00043021,0.000594049,2015,0.302499882643,0.545209387755087
"225","홍천군2015",0.213962896,0.071089199,29995408,0.001165833,82,0.007449955,524,0.001254729,0.00053613,0.000643373,2015,0.201531831165,-0.662610697150573
"226","횡성군2015",0.209004447,0.068424472,33183105,0.056141731,2570,0.073442995,3362,0.000690149,0.000565059,0.000354478,2015,0.196142245733,-0.727083066764469
"227","영월군2015",0.197988233,0.082102866,28686891,0.00738512,297,0.001367615,55,0.000678679,0.00028323,0.000280222,2015,0.198024406993,-0.704567903407527
"228","평창군2015",0.214283263,0.079137925,32340046,-0.010574713,-460,-0.017057471,-742,0.000868603,0.000247068,0.000508411,2015,0.207448779916,-0.591829797269857
"229","정선군2015",0.218927639,0.079082808,30937342,-0.026864301,-1053,-0.039620379,-1553,0.001042952,0.000191775,0.000297567,2015,0.210693386029,-0.553016525412838
"230","철원군2015",0.223288282,0.072850839,31888399,-0.03797209,-1853,-0.075267936,-3673,0.000746656,0.000296061,0.000394045,2015,0.209370358547,-0.568843107606414
"231","화천군2015",0.258303764,0.067977483,41995004,-0.086935603,-2349,-0.105588453,-2853,0.000400977,9.66e-05,0.000144176,2015,0.230680841629,-0.31391861308856
"232","양구군2015",0.237874594,0.074918763,31901573,-0.050894599,-1226,-0.088297563,-2127,0.000366446,6.11e-05,0.000138756,2015,0.221144903399,-0.427991307906517
"233","인제군2015",0.271165563,0.093042694,37912254,-0.032566531,-1083,-0.013261164,-441,0.000632074,0.000174044,0.00026884,2015,0.257495237699,0.00684588284724814
"234","고성군2015",0.302697401,0.063903874,29960845,-0.072055888,-2166,-0.05332668,-1603,0.000604424,0.000184309,0.00021247,2015,0.259187101425,0.0270846312362014
"235","양양군2015",0.238612807,0.077091154,31364023,0.036318643,998,0.060446159,1661,0.000611427,0.000180343,0.000210844,2015,0.223202700427,-0.403375119471712
"236","충주시2015",0.342027562,0.113434118,29255915,0.017723759,3685,0.020325809,4226,0.004064348,0.00400231,0.002465087,2015,0.32201140776,0.778614029901606
"237","제천시2015",0.290968953,0.101299137,21662372,-0.00633181,-862,-0.01792299,-2440,0.00261414,0.002047699,0.001354497,2015,0.27733353963,0.244159559519571
"238","청주시2015",0.355745452,0.145793171,32441787,-0.008601871,-7156,0.001373943,1143,0.016329834,0.022428566,0.012631676,2015,0.354587806461,1.16830589845802
"239","보은군2015",0.171362742,0.073345174,29468947,0.004169582,143,0.000728948,25,0.000451809,0.000575558,0.000246075,2015,0.173008496612,-1.00381819652579
"240","옥천군2015",0.194832899,0.076884333,24366003,0.004198153,220,0.008243646,432,0.000717557,0.000966807,0.000418436,2015,0.192104083024,-0.775389178991563
"241","영동군2015",0.245761787,0.070213197,20187718,-0.006095516,-309,-0.040912947,-2074,0.000698239,0.000520265,0.000325209,2015,0.223394313688,-0.401082965252805
"242","진천군2015",0.199807772,0.082592455,86518233,0.228622703,15542,0.291199011,19796,0.00099707,0.003075398,0.000506785,2015,0.199656960489,-0.685038647635156
"243","괴산군2015",0.281426671,0.065846358,29349524,0.069894552,2711,0.069069534,2679,0.000519302,0.000496235,0.000250411,2015,0.245522031503,-0.136382383050274
"244","음성군2015",0.220454717,0.089644233,69727281,0.004253289,410,-0.01138014,-1097,0.001553078,0.003906189,0.000894868,2015,0.21923995765,-0.450779028404414
"245","단양군2015",0.199618148,0.091343014,36930269,0.000650174,20,-0.020090374,-618,0.000590177,0.000335956,0.000170735,2015,0.205709541534,-0.612635260180827
"246","증평군2015",0.277965966,0.100499088,26801151,0.055111669,2021,0.034605001,1269,0.000576171,0.001159515,0.000378869,2015,0.267574793178,0.12742154392267
"247","천안시2015",0.365634923,0.135829491,36892360,0.063964238,38748,0.070615211,42777,0.012989323,0.021177129,0.008447315,2015,0.354535340698,1.16767828208439
"248","공주시2015",0.312438941,0.108045309,28737554,-0.044112492,-4908,-0.057666208,-6416,0.002155208,0.001618422,0.00111872,2015,0.29728236475,0.482795358641203
"249","보령시2015",0.206649749,0.091164754,39519503,-0.012620043,-1322,-0.022901273,-2399,0.001801561,0.001129186,0.000972376,2015,0.210554853621,-0.554673705306314
"250","아산시2015",0.340382606,0.12656758,79454676,0.041949774,12490,0.075852178,22584,0.005238543,0.012960671,0.003171334,2015,0.330133781502,0.875777102765655
"251","서산시2015",0.267803197,0.110572597,91179584,0.029876719,5082,0.044050817,7493,0.002752267,0.004169821,0.001816837,2015,0.267511686358,0.126666634982914
"252","논산시2015",0.252956877,0.082694615,28491709,-0.02781087,-3455,-0.044932063,-5582,0.001915177,0.001873655,0.00102712,2015,0.237305604844,-0.234670554403733
"253","계룡시2015",0.486284415,0.125452555,32403259,0.042247783,1763,0.051857177,2164,0.00073422,0.000284163,0.000461255,2015,0.43249803779,2.10029914623617
"254","당진시2015",0.224498525,0.087295977,70705920,0.009871489,1630,0.014286406,2359,0.002658814,0.00465999,0.001574014,2015,0.220438712914,-0.436439040026396
"255","금산군2015",0.272557669,0.088683202,41191986,-0.020663642,-1134,-0.030211921,-1658,0.000747139,0.000910814,0.000354478,2015,0.255397295797,-0.0182505345749784
"256","부여군2015",0.194915544,0.081250927,25684228,-0.028365405,-2018,-0.044262963,-3149,0.00093501,0.000778298,0.000518709,2015,0.195249694997,-0.737760114503407
"257","서천군2015",0.203839828,0.077495233,34960692,-0.040572834,-2309,-0.052767528,-3003,0.000858823,0.000817026,0.000479142,2015,0.198903888127,-0.694047199458196
"258","청양군2015",0.154013803,0.075190701,33201077,0.032661228,1061,0.020809604,676,0.000388541,0.000465206,0.000269924,2015,0.162047584328,-1.13493699907483
"259","홍성군2015",0.289541747,0.113104317,32468626,0.103962857,9830,0.103508085,9787,0.001627695,0.001214341,0.001092704,2015,0.284670767248,0.331930401432628
"260","예산군2015",0.229995927,0.084311475,32041816,-0.036030856,-3008,-0.044451631,-3711,0.001335384,0.001662749,0.000706246,2015,0.222215333214,-0.415186399709189
"261","태안군2015",0.202280763,0.069344156,46932156,0.028841913,1831,0.025549745,1622,0.001115758,0.0002585,0.000559902,2015,0.192038817733,-0.776169908421943
"262","전주시2015",0.450450088,0.157485429,20315364,-0.007249932,-4729,-0.001071622,-699,0.01430249,0.007811911,0.011779085,2015,0.429810410519,2.06814867733898
"263","군산시2015",0.326147245,0.095458358,34320243,-0.030301942,-8436,-0.039694969,-11051,0.00457544,0.006177158,0.002600591,2015,0.298075161321,0.492279107289227
"264","익산시2015",0.341284748,0.106996619,23141260,-0.051138677,-15447,-0.075104035,-22686,0.005095104,0.006209821,0.003177838,2015,0.316934926469,0.717887136848177
"265","정읍시2015",0.22481531,0.083897195,23628254,-0.032101192,-3723,-0.04750942,-5510,0.001563703,0.001568495,0.001008691,2015,0.218259741035,-0.462504770337873
"266","남원시2015",0.230112159,0.093367006,18766086,-0.026951541,-2287,-0.035518997,-3014,0.001314858,0.000671679,0.000700284,2015,0.228699769655,-0.337616985839293
"267","김제시2015",0.214123213,0.074776351,28696757,-0.035651086,-3163,-0.046426438,-4119,0.001106823,0.001014634,0.000619524,2015,0.204251991748,-0.630071051805115
"268","완주군2015",0.335558207,0.121427102,48485431,0.023462011,2236,0.023063282,2198,0.001459263,0.001877854,0.001286745,2015,0.323088613463,0.791499993972546
"269","진안군2015",0.171028429,0.051953919,21027363,0.004236156,111,-0.003663703,-96,0.000232666,0.000222571,0.000159895,2015,0.157648520036,-1.18756035991909
"270","무주군2015",0.188945253,0.071546215,23412094,-0.003013481,-76,-0.002458366,-62,0.000403634,0.000141382,0.000112197,2015,0.184167467876,-0.870330133497451
"271","장수군2015",0.190213102,0.071679702,22948146,-0.001847317,-43,-0.015723676,-366,0.00024474,0.000174277,0.000179949,2015,0.185158212428,-0.858478452184405
"272","임실군2015",0.17962277,0.045584368,23115787,0.00194906,59,-0.050708599,-1535,0.000324307,0.000252434,0.000160437,2015,0.159221446566,-1.16874438568561
"273","순창군2015",0.180322345,0.059246364,23557359,-0.03544036,-1072,-0.064962973,-1965,0.000326239,0.000281363,0.00019079,2015,0.169375077263,-1.04728260732076
"274","고창군2015",0.193487781,0.078163206,22119442,-0.038254005,-2297,-0.052010126,-3123,0.00073591,0.000338056,0.00049486,2015,0.192057247809,-0.775949440505278
"275","부안군2015",0.196559005,0.069476147,22978504,-0.03709893,-2109,-0.057046862,-3243,0.000825861,0.00042951,0.000396755,2015,0.188086852464,-0.823444892507259
"276","목포시2015",0.308513919,0.123118528,15931971,-0.040619678,-9683,-0.08003121,-19078,0.004739888,0.004159789,0.002821192,2015,0.305164140029,0.577080296770997
"277","여수시2015",0.239519262,0.101402315,82185310,-0.030096358,-8733,-0.044501806,-12913,0.004898661,0.004992214,0.003065099,2015,0.241031554939,-0.190099253935705
"278","순천시2015",0.299564891,0.12699341,19340287,0.002826754,788,0.012063925,3363,0.005544257,0.003029437,0.003557249,2015,0.301576718807,0.534166133909367
"279","나주시2015",0.301983884,0.094826017,39134485,0.246827321,24234,0.278116152,27306,0.001275617,0.001042864,0.001062893,2015,0.280544600007,0.282571543908816
"280","광양시2015",0.22802458,0.098571255,61406825,0.010059445,1545,-0.03155215,-4846,0.002664489,0.003585398,0.001330107,2015,0.230903255345,-0.311258011547667
"281","담양군2015",0.217538858,0.067874839,25934076,0.010338446,486,0.021038525,989,0.000608529,0.000586757,0.00027968,2015,0.201787483779,-0.65955247866039
"282","곡성군2015",0.170427322,0.06501755,31429251,-0.018029473,-553,-0.037134846,-1139,0.000373328,0.000273897,0.000183201,2015,0.166459524504,-1.0821596117729
"283","구례군2015",0.186153704,0.06963095,20309140,0.0147942,404,-0.010656218,-291,0.000374777,0.000183843,0.000157727,2015,0.180839750378,-0.910137616876014
"284","고흥군2015",0.143152495,0.067336631,18350578,-0.009708313,-666,-0.014722817,-1010,0.000741826,0.000401747,0.000487814,2015,0.148815812082,-1.29322073381738
"285","보성군2015",0.162082534,0.060088,17888774,-0.055921851,-2536,-0.072548458,-3290,0.000521717,0.000261999,0.000272634,2015,0.157074567538,-1.1944262085189
"286","화순군2015",0.254656481,0.101593813,24242088,-0.039986028,-2633,-0.026864901,-1769,0.000995018,0.000710174,0.000641747,2015,0.251868957858,-0.0604579196505177
"287","장흥군2015",0.170585982,0.0769437,18560292,-0.070553628,-3070,-0.098545262,-4288,0.000520027,0.000247534,0.000299735,2015,0.175003485174,-0.979953348001252
"288","강진군2015",0.194719686,0.087774971,19509495,-0.09058775,-3511,-0.107874503,-4181,0.000496724,0.000256166,0.000372907,2015,0.199723722499,-0.684240013855398
"289","해남군2015",0.162902806,0.074394163,22166706,-0.071094837,-5417,-0.092960076,-7083,0.000924989,0.000478737,0.00061302,2015,0.167768957083,-1.06649565722892
"290","영암군2015",0.217748718,0.067283431,54090786,-0.064726422,-3763,-0.078229011,-4548,0.00060539,0.001842159,0.000365861,2015,0.201517729343,-0.662779388767337
"291","무안군2015",0.35148114,0.105911376,31141629,0.003465635,285,0.135159784,11115,0.00114872,0.000910348,0.000840124,2015,0.323376508812,0.794943912913073
"292","함평군2015",0.176919468,0.057787766,23894512,-0.023626563,-824,-0.042149329,-1470,0.000367412,0.000263399,0.000173445,2015,0.165938014438,-1.08839812309381
"293","영광군2015",0.196662864,0.079235596,39279880,-0.035864716,-2018,-0.059413155,-3343,0.000733495,0.000352054,0.000451499,2015,0.19506021122,-0.74002679498574
"294","장성군2015",0.223003534,0.063957597,34699180,0.003257118,151,-0.029335634,-1360,0.000521114,0.000547095,0.00021247,2015,0.202881519617,-0.646465185804877
"295","완도군2015",0.157200971,0.066065403,17953578,-0.02135285,-1132,-0.041234391,-2186,0.00059404,0.000260366,0.000334424,2015,0.157849326418,-1.18515823392174
"296","진도군2015",0.138614909,0.062670228,21357125,-0.021585171,-701,-0.019029437,-618,0.000329499,9.68e-05,0.000216806,2015,0.142308591859,-1.37106269637081
"297","신안군2015",0.119720994,0.060794328,20970504,-0.041275927,-1787,-0.063172726,-2735,0.000367653,0.000105453,0.000191332,2015,0.127624332654,-1.54672165918267
"298","포항시2015",0.271758451,0.111071786,31925177,-0.031192262,-16207,-0.032999477,-17146,0.009825816,0.010663805,0.007457594,2015,0.270660977559,0.164339711863211
"299","경주시2015",0.299489894,0.096192131,38344077,-0.012245306,-3181,-0.01475519,-3833,0.004875478,0.006503083,0.00247918,2015,0.279747191675,0.273032627537129
"300","김천시2015",0.290880765,0.109731661,35429138,0.048754032,6832,0.050630834,7095,0.002061272,0.002712145,0.001792446,2015,0.283232985182,0.314731079155815
"301","안동시2015",0.310291695,0.125551246,19195407,-0.041891964,-7089,-0.04796095,-8116,0.003174011,0.000949542,0.002077546,2015,0.308140959287,0.612690195509409
"302","구미시2015",0.252588763,0.11345399,82713559,-0.028967767,-12164,-0.049159949,-20643,0.007234375,0.01946142,0.004180567,2015,0.258792226371,0.022360978414662
"303","영주시2015",0.260494699,0.094196988,25378175,-0.030883492,-3389,-0.044078917,-4837,0.001696638,0.001086958,0.001011401,2015,0.250767022709,-0.0736397072134454
"304","영천시2015",0.199232961,0.064561606,32378020,0.038917813,3917,0.048843494,4916,0.001330675,0.002226875,0.000637952,2015,0.186502758869,-0.842394451624267
"305","상주시2015",0.265998038,0.086760835,21458642,0.012044074,1233,-0.017328619,-1774,0.001399014,0.001181912,0.000855843,2015,0.249400523211,-0.0899863189934848
"306","문경시2015",0.231756198,0.096115702,18892444,-0.021442521,-1625,-0.020980682,-1590,0.001212712,0.000768033,0.000623318,2015,0.2318054333,-0.300465799176949
"307","경산시2015",0.419240937,0.116438078,28148610,0.02217698,5697,0.045490642,11686,0.004922929,0.007118302,0.003031494,2015,0.378725063605,1.45704539126093
"308","군위군2015",0.161714771,0.053834182,31706997,0.040371384,974,0.031667081,764,0.000253554,0.000304227,0.000157185,2015,0.152393109771,-1.25042767269346
"309","의성군2015",0.161613579,0.061276351,22576280,0.010224498,557,0.005690475,310,0.000542122,0.000354854,0.000334966,2015,0.15758318051,-1.18834197737813
"310","청송군2015",0.184304623,0.067185246,26253146,0.003865979,102,-0.003221649,-85,0.000377675,9.22e-05,0.00015339,2015,0.177803337383,-0.946460399654769
"311","영양군2015",0.180148625,0.069011218,20881942,-0.01910828,-342,-0.026930383,-482,0.000176039,6.02e-05,0.000100815,2015,0.176156009001,-0.966166398503804
"312","영덕군2015",0.148960564,0.064637549,20459902,-0.011711873,-459,-0.038376158,-1504,0.000527634,0.00033199,0.000293773,2015,0.151013865891,-1.26692673785181
"313","청도군2015",0.218182498,0.069464166,22949959,0.024197237,1058,0.027993779,1224,0.000582208,0.000454241,0.000275344,2015,0.203366191448,-0.640667348137411
"314","고령군2015",0.161389173,0.053293067,39263803,-0.051454009,-1780,-0.08059201,-2788,0.000389145,0.000784831,0.000222768,2015,0.15178034368,-1.25775782496663
"315","성주군2015",0.146858181,0.051832299,35721180,0.008150303,367,0.00159897,72,0.000431766,0.000512333,0.000245533,2015,0.14047416936,-1.39300678963657
"316","칠곡군2015",0.187170434,0.079325049,31564313,-0.055035863,-6760,-0.073581972,-9038,0.001786951,0.005001079,0.000853133,2015,0.188412306481,-0.819551681806531
"317","예천군2015",0.173407052,0.074002474,23140686,0.260173703,11623,0.29375028,13123,0.000506021,0.000249167,0.000289978,2015,0.174918534882,-0.980969557261451
"318","봉화군2015",0.169732525,0.047777667,28973024,-0.014227402,-481,-0.029164695,-986,0.00031658,0.000274131,0.000198378,2015,0.153779705744,-1.23384065886757
"319","울진군2015",0.222061461,0.101460415,52400058,-0.028832996,-1496,-0.038874434,-2017,0.000796884,0.000229103,0.000387541,2015,0.228729966332,-0.337255761150452
"320","울릉군2015",0.184963035,0.064165156,27600414,-0.048458584,-492,-0.108046883,-1097,0.000182559,3.9e-05,8.62e-05,2015,0.176133631037,-0.966434092630638
"321","진주시2015",0.41280285,0.151071169,20598939,0.016154413,5564,0.019629761,6761,0.007245724,0.004907758,0.004965948,2015,0.398658931433,1.69550226529261
"322","통영시2015",0.203740077,0.088264179,26536151,-0.055278512,-7693,-0.088332088,-12293,0.002301182,0.003520306,0.001686211,2015,0.206447008992,-0.603813380440672
"323","사천시2015",0.245874196,0.105381986,35365277,-0.030506184,-3522,-0.036240169,-4184,0.00196794,0.002721011,0.001048258,2015,0.248338120674,-0.102695201691126
"324","김해시2015",0.302705551,0.115944115,28484759,0.010025243,5302,0.001200684,635,0.009217769,0.018516777,0.006599041,2015,0.295985313862,0.467279518821194
"325","밀양시2015",0.251539912,0.081681682,24919663,0.005171647,558,0.004504338,486,0.001541728,0.00155683,0.000955574,2015,0.235587666958,-0.255221212289641
"326","거제시2015",0.247070914,0.124685128,42985138,-0.031915975,-8165,-0.059887893,-15321,0.004069781,0.014494404,0.004019046,2015,0.262831521694,0.0706806394219653
"327","양산시2015",0.297890726,0.110683151,32551098,0.16884673,50872,0.179852701,54188,0.00514666,0.01001499,0.003413615,2015,0.288861731039,0.382064381120105
"328","창원시2015",0.31973594,0.11992852,34171044,-0.040837744,-43699,-0.051050218,-54627,0.019189198,0.034982356,0.015201372,2015,0.31084277322,0.645010370913274
"329","의령군2015",0.188697148,0.068611754,28902501,-0.019513733,-557,-0.021300448,-608,0.000342056,0.00040898,0.000165857,2015,0.181917393714,-0.897246417664656
"330","함안군2015",0.238964777,0.079146181,49822749,-0.027315056,-1889,-0.057102782,-3949,0.000942254,0.002174615,0.000612478,2015,0.224904447306,-0.383018144866437
"331","창녕군2015",0.177218621,0.065431156,35656612,0.013805099,881,0.000203707,13,0.000863291,0.001368321,0.000365861,2015,0.171553392339,-1.02122473394862
"332","고성군2015",0.336243256,0.063903874,81507951,-0.072055888,-2166,-0.05332668,-1603,0.000604424,0.000184309,0.00021247,2015,0.28290402091,0.310795877385337
"333","남해군2015",0.199985067,0.073841789,21318304,-0.002987027,-137,-0.003880955,-178,0.000767182,0.000176144,0.000372365,2015,0.193595587192,-0.757547211513133
"334","하동군2015",0.200878192,0.068824199,44869058,-0.01142084,-574,-0.051712131,-2599,0.000660206,0.000345055,0.000366403,2015,0.190679590437,-0.792429527222436
"335","산청군2015",0.225776815,0.067139391,25655125,0.029691442,1071,0.028443902,1026,0.000510005,0.000301194,0.000232525,2015,0.207091757642,-0.596100640046197
"336","함양군2015",0.210159155,0.077029116,22582389,0.018914698,763,0.012271003,495,0.000575567,0.000378417,0.000317621,2015,0.203042107597,-0.644544168366201
"337","거창군2015",0.22536018,0.096604281,22954422,0.013901189,879,0.013569079,858,0.000925351,0.00053193,0.000631448,2015,0.227628873927,-0.350427467473673
"338","합천군2015",0.179138322,0.066038723,21989134,-0.04804151,-2361,-0.064828569,-3186,0.000608046,0.000285096,0.000315453,2015,0.173340170815,-0.999850577480321
"339","제주시2015",0.336213767,0.132666615,26482058,0.069636163,32024,0.078314589,36015,0.011415478,0.002208211,0.006880347,2015,0.331498430074,0.892101573030969
"340","서귀포시2015",0.233378784,0.083683302,28982950,0.137728773,22659,0.15781156,25963,0.003676893,0.000552461,0.001663988,2015,0.224162894802,-0.391888891555438
"350","서울특별시2020",0.53285431,0.187399407,42136616,-0.017585684,-171093,-0.017585684,-171093,0.204688655,0.100646114,0.322340287,2020,0.509219377919,2.5612223082467
"351","부산광역시2020",0.42308521,0.130704823,25840195,-0.009739762,-33250,-0.009739762,-33250,0.066339095,0.056988051,0.050595451,2020,0.391529553331,1.16617668246005
"352","대구광역시2020",0.397275048,0.130367016,22237049,-0.016880015,-41154,-0.016880015,-41154,0.045421759,0.049389146,0.035715792,2020,0.373042939248,0.94704414315704
"353","인천광역시2020",0.32216439,0.12477692,29449845,-0.001462618,-4325,-0.001462618,-4325,0.055494594,0.068572554,0.0484646,2020,0.31598750617,0.27073306340595
"354","광주광역시2020",0.458161411,0.140782628,26933507,-0.008215766,-11966,-0.008215766,-11966,0.030748097,0.023313344,0.025736502,2020,0.423453435573,1.54458894057783
"355","대전광역시2020",0.48197287,0.17499539,27309018,-0.013579502,-20028,-0.013579502,-20028,0.031680126,0.020320076,0.037119682,2020,0.46447655982,2.03085978206496
"356","울산광역시2020",0.324718442,0.114872468,62110778,-0.023743509,-27258,-0.023743509,-27258,0.018963593,0.04132928,0.014633414,2020,0.31079077337,0.209133180948812
"357","수원시2020",0.454663449,0.187264365,28581631,-0.011227621,13619,-0.011227621,-13411,0.023975377,0.026835341,0.03042153,2020,0.453842964498,1.90481362053594
"358","성남시2020",0.537819273,0.204113293,44072086,-0.011084899,14876,-0.011084899,-10450,0.019009692,0.013499851,0.026646431,2020,0.524546324162,2.74290147539489
"359","의정부시2020",0.316695812,0.131645163,15330262,0.031526906,-7008,0.031526906,14246,0.009903951,0.005606767,0.008488577,2020,0.316977069325,0.282462928376478
"360","안양시2020",0.460268852,0.183524221,31795598,-0.035937246,32280,-0.035937246,-20378,0.010660651,0.010380506,0.015674313,2020,0.455161702611,1.92044538685507
"361","부천시2020",0.322855971,0.136736557,20128826,-0.028289293,2428,-0.028289293,-23480,0.01662227,0.01850286,0.016758379,2020,0.324931917296,0.376756346729256
"362","광명시2020",0.389618093,0.164015217,24464880,-0.073820415,34916,-0.073820415,-23368,0.005740628,0.005900945,0.006766335,2020,0.39141875017,1.16486326844472
"363","평택시2020",0.319085831,0.102092676,60603925,0.100179913,-7711,0.100179913,51395,0.008926261,0.019004305,0.00649164,2020,0.297773204449,0.0548284001813082
"364","동두천시2020",0.240284801,0.093206055,19059370,0.005286595,2049,0.005286595,501,0.001796111,0.001826897,0.000941813,2020,0.235778035192,-0.680036232293461
"365","안산시2020",0.281377106,0.112810569,37763702,0.001393417,46340,0.001393417,907,0.011923128,0.02358992,0.01015588,2020,0.278690686225,-0.171367735895689
"366","고양시2020",0.478333286,0.169671341,19021473,0.012771592,15491,0.012771592,13619,0.022139395,0.013276742,0.026451201,2020,0.458139271289,1.95574023221884
"367","과천시2020",0.724098611,0.255855322,75083795,0.255211103,29914,0.255211103,14876,0.001135323,0.00061652,0.002304007,2020,0.692827430631,4.73763485446097
"368","구리시2020",0.374171812,0.158540544,16813366,-0.035169247,7797,-0.035169247,-7008,0.004128695,0.002444517,0.004526097,2020,0.376627635692,0.989535625419687
"369","남양주시2020",0.369130948,0.138699437,15185483,0.045994044,7348,0.045994044,32280,0.013821705,0.010066966,0.012795898,2020,0.359036082195,0.781012757425848
"370","오산시2020",0.300565032,0.129565661,23827439,0.010725376,46439,0.010725376,2428,0.003879192,0.009143066,0.003223256,2020,0.304102399951,0.129852018669341
"371","시흥시2020",0.290994007,0.12163851,31892564,0.0737119,64644,0.0737119,34916,0.008498808,0.019698275,0.007392248,2020,0.291731189519,-0.0167911007274693
"372","군포시2020",0.432688699,0.187351769,25946562,-0.027953395,13673,-0.027953395,-7711,0.005286958,0.006568072,0.006235585,2020,0.438368610876,1.72138714838494
"373","의왕시2020",0.475363358,0.181991778,23192544,0.012714625,14772,0.012714625,2049,0.003232606,0.003143548,0.005009757,2020,0.464750081152,2.03410198876466
"374","하남시2020",0.481282316,0.180498728,23367060,0.170083133,2483,0.170083133,46340,0.005933217,0.003412863,0.007778293,2020,0.467879198108,2.07119322360442
"375","용인시2020",0.583954801,0.208108963,26822413,0.014619544,2253,0.014619544,15491,0.020370922,0.018854685,0.029005377,2020,0.559989081148,3.16302499305862
"376","파주시2020",0.342287068,0.130542183,45079296,0.065884063,-387,0.065884063,29914,0.008237617,0.012248989,0.007316217,2020,0.334290280457,0.487686443175394
"377","이천시2020",0.286842655,0.124635679,99339276,0.036124985,931,0.036124985,7797,0.003876243,0.007904525,0.002481578,2020,0.290915182138,-0.0264637086309879
"378","안성시2020",0.34003278,0.112499564,48033134,0.040064338,5781,0.040064338,7348,0.0033153,0.006610537,0.001741372,2020,0.319940367208,0.317588613745232
"379","김포시2020",0.434929075,0.158480474,29583599,0.10621402,4879,0.10621402,46439,0.008037819,0.011054014,0.008771121,2020,0.419540551143,1.49820725611709
"380","화성시2020",0.418787536,0.187722855,92408274,0.07927927,9363,0.07927927,64644,0.013802042,0.033986928,0.017739434,2020,0.428802846437,1.60799860451848
"381","광주시2020",0.328277426,0.137881767,24417768,0.036690871,1764,0.036690871,13673,0.007305698,0.008989266,0.006674607,2020,0.329574549451,0.431788153452073
"382","양주시2020",0.274414173,0.102073265,27971091,0.066446558,343,0.066446558,14772,0.00419544,0.005334812,0.002751368,2020,0.266176618666,-0.319704223524047
"383","포천시2020",0.221821992,0.075942888,43384384,0.016734174,-1966,0.016734174,2483,0.002494477,0.004962964,0.001185114,2020,0.21051977016,-0.979437070651445
"384","여주시2020",0.272726061,0.092863904,35973826,0.020282131,1685,0.020282131,2253,0.002197237,0.002030643,0.001140476,2020,0.258472105255,-0.41103028140931
"385","연천군2020",0.249076726,0.085103317,35305798,-0.008830778,-2783,-0.008830778,-387,0.000704265,0.000495504,0.0002693,2020,0.236265290401,-0.674260514211317
"386","가평군2020",0.321199143,0.10961617,26615876,0.014916286,442,0.014916286,931,0.001557204,0.000447318,0.000577841,2020,0.304586426291,0.135589463097917
"387","양평군2020",0.396589732,0.132944676,16006931,0.049463525,792,0.049463525,5781,0.002273486,0.00069331,0.001637381,2020,0.374380826456,0.962902894785315
"388","춘천시2020",0.446887361,0.138341792,26476840,0.017345027,-242,0.017345027,4879,0.006852355,0.002029323,0.004220498,2020,0.413757011171,1.4296516085261
"389","원주시2020",0.400236287,0.131733773,25994588,0.026811563,-282,0.026811563,9363,0.007649801,0.005057356,0.006783994,2020,0.37610283242,0.983314828408857
"390","강릉시2020",0.420336299,0.128578559,24584307,0.00826454,-500,0.00826454,1764,0.005260413,0.001551861,0.002974558,2020,0.388082804606,1.1253203743737
"391","동해시2020",0.315280417,0.093719673,34857106,0.003789134,-1820,0.003789134,343,0.001920097,0.00092588,0.000704397,2020,0.28916306363,-0.0472325836718167
"392","태백시2020",0.288663515,0.097267838,22322259,-0.04481831,-504,-0.04481831,-1966,0.001258545,0.000286257,0.000373782,2020,0.272853466571,-0.240559679834561
"393","속초시2020",0.331222593,0.093597614,21822488,0.020602548,-901,0.020602548,1685,0.002158566,0.000499465,0.000879025,2020,0.300347886349,0.0853475953195541
"394","삼척시2020",0.383484582,0.08570238,36893993,-0.041396442,642,-0.041396442,-2783,0.001513181,0.000494404,0.000550372,2020,0.331715182134,0.457162311934247
"395","홍천군2020",0.272914877,0.071257265,33938846,0.006391902,563,0.006391902,442,0.00131087,0.000525208,0.000619536,2020,0.243329704394,-0.590521925304579
"396","횡성군2020",0.264902249,0.069880508,36484375,0.017004831,663,0.017004831,792,0.00076522,0.000566573,0.000314919,2020,0.236691409199,-0.669209481402862
"397","영월군2020",0.270618134,0.085792753,31349300,-0.006184987,541,-0.006184987,-242,0.000650738,0.000338404,0.000282053,2020,0.251982497109,-0.487955363835423
"398","평창군2020",0.267866814,0.069655829,30463508,-0.006697383,-1578,-0.006697383,-282,0.000825083,0.000215188,0.000417929,2020,0.238628508601,-0.646247920733244
"399","정선군2020",0.234651361,0.072066327,33989823,-0.013415256,8299,-0.013415256,-500,0.000943608,0.000209247,0.000294807,2020,0.216849405416,-0.904408239504661
"400","철원군2020",0.251364279,0.078589234,41405321,-0.03992629,-118,-0.03992629,-1820,0.000686677,0.000330263,0.000294316,2020,0.233277133691,-0.709680865648186
"401","화천군2020",0.267352959,0.064234543,50821205,-0.020227154,212,-0.020227154,-504,0.000385177,7.61e-05,0.000128028,2020,0.234432363914,-0.695987253009928
"402","양구군2020",0.249052625,0.069660922,41455880,-0.039580039,-1765,-0.039580039,-901,0.000332961,8.58e-05,0.000147158,2020,0.225330477729,-0.803877179375634
"403","인제군2020",0.283547366,0.072631677,45751397,0.02027027,4254,0.02027027,642,0.000613706,0.000137958,0.00025066,2020,0.251818583401,-0.489898327911989
"404","고성군2020",0.281687654,0.068082853,40169123,0.020652971,-32,0.020652971,563,0.000653578,0.000172722,0.000163836,2020,0.247287748449,-0.543604937664157
"405","양양군2020",0.322655056,0.091000836,35838386,0.023912573,-1507,0.023912573,663,0.000673896,0.000140378,0.000225643,2020,0.292454715644,-0.00821472669210014
"406","충주시2020",0.379905548,0.111806529,36085840,0.002567181,-638,0.002567181,541,0.004411733,0.005051195,0.002322157,2020,0.347640438439,0.645933594630905
"407","제천시2020",0.323371767,0.112281247,22910436,-0.011722145,-752,-0.011722145,-1578,0.002684116,0.002308979,0.001099272,2020,0.308006680898,0.176131721065209
"408","청주시2020",0.387076085,0.145160076,40244145,0.009884869,4029,0.009884869,8299,0.016410346,0.026470753,0.012024789,2020,0.376290965827,0.985544882599341
"409","보은군2020",0.212785051,0.071790541,31924939,-0.003581292,-1508,-0.003581292,-118,0.000441326,0.000581535,0.000205531,2020,0.201194943544,-1.08996963901417
"410","옥천군2020",0.226963801,0.091807388,26915939,0.004154989,-1077,0.004154989,212,0.000771229,0.000940402,0.000377216,2020,0.225371230623,-0.803394111729711
"411","영동군2020",0.295259734,0.081483011,19782511,-0.036214042,10094,-0.036214042,-1765,0.000685476,0.000494844,0.000361028,2020,0.266357120715,-0.317564628238011
"412","진천군2020",0.279294418,0.085866362,89672641,0.052464111,2411,0.052464111,4254,0.001226537,0.004114534,0.000690663,2020,0.25816867146,-0.41462705785037
"413","괴산군2020",0.328954261,0.080248078,33382766,-0.000817098,-2127,-0.000817098,-32,0.000568481,0.000568554,0.000217794,2020,0.289306053673,-0.0455376399099705
"414","음성군2020",0.249564613,0.089107906,80733988,-0.015866164,401,-0.015866164,-1507,0.001416067,0.004355685,0.000849103,2020,0.239441470933,-0.636611407558412
"415","단양군2020",0.246753603,0.075168154,37140072,-0.021441054,729,-0.021441054,-638,0.000527844,0.000349845,0.000138819,2020,0.227598682199,-0.776990838646175
"416","증평군2020",0.299647474,0.087348218,26962461,-0.020111254,-524,-0.020111254,-752,0.000613487,0.001248222,0.000309523,2020,0.273605954244,-0.231640007803848
"417","천안시2020",0.380552927,0.134750028,35229492,0.006177004,-1131,0.006177004,4029,0.012606092,0.024971259,0.008961936,2020,0.364319189185,0.843636483162235
"418","공주시2020",0.363079409,0.115066481,31889383,-0.014163082,-694,-0.014163082,-1508,0.002074998,0.001823156,0.001025202,2020,0.33804914423,0.532242431620518
"419","보령시2020",0.253968007,0.09607327,44410763,-0.010651344,-385,-0.010651344,-1077,0.001763011,0.001377379,0.001202283,2020,0.247479182839,-0.541335755011116
"420","아산시2020",0.348314428,0.12338715,95251893,0.032106109,-43,0.032106109,10094,0.005169526,0.013651671,0.00310651,2020,0.333493015646,0.478236001804844
"421","서산시2020",0.286604572,0.102625379,99321046,0.013801591,-703,0.013801591,2411,0.002775112,0.005274744,0.001894907,2020,0.275185575357,-0.212915844251007
"422","논산시2020",0.28755307,0.087863064,31937401,-0.017897713,-209,-0.017897713,-2127,0.00187662,0.002023382,0.001045314,2020,0.265419206738,-0.328682265600105
"423","계룡시2020",0.494562479,0.115317717,30974114,0.009331875,4030,0.009331875,401,0.00077396,0.000351606,0.000393894,2020,0.431185298572,1.63623918896334
"424","당진시2020",0.262988738,0.085976395,67992551,0.004364172,-2615,0.004364172,729,0.002691763,0.005573983,0.001620703,2020,0.246718349031,-0.550354358611866
"425","금산군2020",0.286186128,0.0783628,41226755,-0.010027365,-7239,-0.010027365,-524,0.000728407,0.000920379,0.000305599,2020,0.257736092096,-0.419754671487882
"426","부여군2020",0.236652047,0.079470547,27500254,-0.016946359,-1787,-0.016946359,-1131,0.000988287,0.000606179,0.000468944,2020,0.223498673958,-0.825590609971516
"427","서천군2020",0.249671619,0.07621842,41553284,-0.013142695,-727,-0.013142695,-694,0.000812303,0.000674828,0.000481698,2020,0.230404257573,-0.743734729487928
"428","청양군2020",0.196660687,0.083786394,36312121,-0.012138601,-956,-0.012138601,-385,0.000432478,0.000469541,0.00023251,2020,0.198276086267,-1.12456854415171
"429","홍성군2020",0.338499729,0.115430843,30719861,-0.000428189,-38,-0.000428189,-43,0.001799169,0.001432386,0.001308727,2020,0.320928914404,0.329306435965558
"430","예산군2020",0.275129278,0.080283625,36692745,-0.008872006,-207,-0.008872006,-703,0.001107467,0.001497954,0.000667608,2020,0.251276922421,-0.496318949095287
"431","태안군2020",0.272406828,0.089904551,51089652,-0.003331049,14,-0.003331049,-209,0.001136634,0.000332683,0.000730395,2020,0.256154144953,-0.438506406820936
"432","전주시2020",0.490767829,0.155211007,22427335,0.006158369,-323,0.006158369,4030,0.014923382,0.008618958,0.012284769,2020,0.456707037052,1.93876313063488
"433","군산시2020",0.36476483,0.108894805,32766409,-0.009680488,-1594,-0.009680488,-2615,0.005043136,0.005403901,0.002916676,2020,0.334877361945,0.494645459935609
"434","익산시2020",0.380736885,0.111092099,25930097,-0.025155419,-893,-0.025155419,-7239,0.005186785,0.006006559,0.003297325,2020,0.347723091688,0.646913331442292
"435","정읍시2020",0.264092289,0.094100834,26244149,-0.016165947,-826,-0.016165947,-1787,0.001784094,0.001646694,0.001015882,2020,0.253242537961,-0.47301937013292
"436","남원시2020",0.269432236,0.089569912,20170528,-0.008926708,-1134,-0.008926708,-727,0.001319172,0.000842269,0.000703907,2020,0.253814518636,-0.466239352051606
"437","김제시2020",0.255885343,0.079873958,32680691,-0.011395196,-9395,-0.011395196,-956,0.001240302,0.001189474,0.000589123,2020,0.237381825807,-0.661025573640804
"438","완주군2020",0.386081894,0.118415597,49838610,-0.000412058,-4180,-0.000412058,-38,0.001554255,0.002050666,0.001155683,2020,0.356679726137,0.753081504889646
"439","진안군2020",0.273942476,0.076286038,23062643,-0.008055415,2575,-0.008055415,-207,0.000345851,0.000185484,0.000172666,2020,0.247611559398,-0.539766619019656
"440","무주군2020",0.252415373,0.07750662,27454077,0.000576061,3072,0.000576061,14,0.000564876,0.000135758,0.000155988,2020,0.233254849051,-0.7099450183875
"441","장수군2020",0.262183159,0.074393785,22439221,-0.014393298,-6391,-0.014393298,-323,0.000436411,0.000148739,0.000148139,2020,0.237959899408,-0.654173332580195
"442","임실군2020",0.243947152,0.06789304,23828747,-0.055151893,503,-0.055151893,-1594,0.000397412,0.000247312,0.000145687,2020,0.220471015744,-0.861479195604163
"443","순창군2020",0.259704396,0.068095522,24648949,-0.031463604,-586,-0.031463604,-893,0.000363002,0.000323442,0.000151573,2020,0.231754542026,-0.72772902613745
"444","고창군2020",0.255851673,0.086980028,29081910,-0.01488181,-695,-0.01488181,-826,0.000774833,0.000304519,0.000401742,2020,0.242382012607,-0.601755464709336
"445","부안군2020",0.244581241,0.074582861,25737065,-0.021277793,-344,-0.021277793,-1134,0.000754733,0.000506066,0.000318843,2020,0.225649020114,-0.800101312070388
"446","목포시2020",0.325638265,0.12518539,18443423,-0.040872527,-754,-0.040872527,-9395,0.004610221,0.00347095,0.002778838,2020,0.318732324085,0.303268979227953
"447","여수시2020",0.272686314,0.101340749,87558597,-0.014781496,864,-0.014781496,-4180,0.005246211,0.004846349,0.003384639,2020,0.264437133541,-0.340323347762249
"448","순천시2020",0.350778356,0.130357264,20764510,0.009209651,-1218,0.009209651,2575,0.005767282,0.003755227,0.003685823,2020,0.34016288334,0.557297805012249
"449","나주시2020",0.376274003,0.103770845,39696786,0.026791321,-670,0.026791321,3072,0.001744331,0.001395201,0.001761975,2020,0.339391707536,0.548156611745551
"450","광양시2020",0.245109034,0.095211393,64082520,-0.04077193,-1666,-0.04077193,-6391,0.002577935,0.003991098,0.001417624,2020,0.240606541889,-0.622801147014744
"451","담양군2020",0.292909985,0.073377934,28082663,0.010809068,-785,0.010809068,503,0.000630747,0.000526968,0.000397327,2020,0.258965558733,-0.405181091656305
"452","곡성군2020",0.246749637,0.07788518,32133069,-0.020285942,10830,-0.020285942,-586,0.000419041,0.000284057,0.00018591,2020,0.229516815619,-0.754254092741304
"453","구례군2020",0.252940983,0.080996474,20577524,-0.026164213,-646,-0.026164213,-695,0.000397194,0.000179983,0.000153535,2020,0.236093782099,-0.676293501407354
"454","고흥군2020",0.191539924,0.068351949,22017049,-0.005299401,-1325,-0.005299401,-344,0.000828579,0.000394071,0.000421854,2020,0.183743554211,-1.29683106002595
"455","보성군2020",0.204151702,0.063834113,22302821,-0.018203766,-1511,-0.018203766,-754,0.000608899,0.000215408,0.00027911,2020,0.189465971205,-1.22899993847952
"456","화순군2020",0.295129518,0.097914092,27049832,0.013771777,-1054,0.013771777,864,0.001049461,0.00069727,0.0006421,2020,0.27788183227,-0.18095555009945
"457","장흥군2020",0.226216129,0.078492504,24248312,-0.03158468,83,-0.03158468,-1218,0.000525659,0.000281637,0.000327182,2020,0.215429003531,-0.921245085370182
"458","강진군2020",0.248098184,0.078608378,23583132,-0.018987701,-948,-0.018987701,-670,0.000466124,0.000245552,0.000298731,2020,0.230981539334,-0.736891874565264
"459","해남군2020",0.197724656,0.072989267,28711843,-0.023680246,-939,-0.023680246,-1666,0.000901988,0.000517507,0.000550862,2020,0.191394743561,-1.20613708310697
"460","영암군2020",0.254232518,0.071423281,57645934,-0.014379133,-652,-0.014379133,-785,0.000734852,0.001306749,0.000359066,2020,0.230238649893,-0.745697773195313
"461","무안군2020",0.389366432,0.130437199,36564195,0.133530608,263,0.133530608,10830,0.001396077,0.000949643,0.000956528,2020,0.367501167117,0.881354309753667
"462","함평군2020",0.224707369,0.07160521,27936371,-0.019658562,-1027,-0.019658562,-646,0.000372833,0.000290218,0.000175118,2020,0.209492993353,-0.991608050583474
"463","영광군2020",0.247574408,0.088086868,38835440,-0.024604472,-8479,-0.024604472,-1325,0.000799412,0.000405733,0.000412534,2020,0.237312522132,-0.661847070223012
"464","장성군2020",0.266501909,0.066394939,37818004,-0.033035265,-1448,-0.033035265,-1511,0.000556464,0.000668007,0.000181005,2020,0.235358071536,-0.685014304640353
"465","완도군2020",0.1944727,0.07851318,21639241,-0.020793466,999,-0.020793466,-1054,0.000678594,0.000249732,0.000299222,2020,0.19300101716,-1.18709699220747
"466","진도군2020",0.208455138,0.071115359,26561041,0.002702263,-3007,0.002702263,83,0.000378841,0.000110454,0.000208965,2020,0.197656341379,-1.13191473910216
"467","신안군2020",0.17617866,0.068947182,24394230,-0.023538759,35,-0.023538759,-948,0.00041358,9.53e-05,0.000189834,2020,0.173303970294,-1.42057749205121
"468","포항시2020",0.32148703,0.11791931,35692182,-0.00185198,5989,-0.00185198,-939,0.009412266,0.010944439,0.005577297,2020,0.31066028238,0.207586395698334
"469","경주시2020",0.340193016,0.100024025,39046333,-0.002552838,-210,-0.002552838,-652,0.004723284,0.006192483,0.002364833,2020,0.311233447987,0.214380459464643
"470","김천시2020",0.331274022,0.125697596,35777310,0.001862224,-247,0.001862224,263,0.002203026,0.002603598,0.002056781,2020,0.323078933926,0.354791862084782
"471","안동시2020",0.35727501,0.123002365,31830357,-0.006416665,-187,-0.006416665,-1027,0.003073226,0.000963065,0.001864495,2020,0.339556104125,0.550105299690168
"472","구미시2020",0.275185163,0.104758769,70995250,-0.020200504,-140,-0.020200504,-8479,0.006668833,0.018490098,0.003689747,2020,0.268620359924,-0.290737143621755
"473","영주시2020",0.289888775,0.095956428,28408902,-0.013781682,-1045,-0.013781682,-1448,0.001633563,0.001169012,0.001016373,2020,0.272792558521,-0.241281658213109
"474","영천시2020",0.260629769,0.071404779,35398949,0.009749195,166,0.009749195,999,0.00138406,0.002331202,0.000665155,2020,0.234748425436,-0.692240792810084
"475","상주시2020",0.308076477,0.09073635,22329176,-0.029864532,-1008,-0.029864532,-3007,0.001430269,0.00108276,0.000857442,2020,0.281960668689,-0.132606740637417
"476","문경시2020",0.273461706,0.092882881,21337335,0.000484483,-295,0.000484483,35,0.001124071,0.00077142,0.000546448,2020,0.259005623009,-0.404706186598201
"477","경산시2020",0.437760752,0.112321003,31646928,0.022755856,-2278,0.022755856,5989,0.004855026,0.006433854,0.002925506,2020,0.388907800785,1.13509953170385
"478","군위군2020",0.214324345,0.066986016,31780233,-0.008807616,1500,-0.008807616,-210,0.000269165,0.000212328,0.000145196,2020,0.198886425227,-1.11733384311128
"479","의성군2020",0.206236493,0.058551114,24336024,-0.004696264,-505,-0.004696264,-247,0.00055275,0.000299239,0.000357104,2020,0.187204838149,-1.25580245764494
"480","청송군2020",0.237740729,0.058229352,28785411,-0.00735757,-521,-0.00735757,-187,0.000446461,8.67e-05,0.000127537,2020,0.209250847267,-0.99447834832806
"481","영양군2020",0.216529103,0.065494694,22020494,-0.008238687,-605,-0.008238687,-140,0.000168338,7.13e-05,9.07e-05,2020,0.199390824479,-1.11135490676214
"482","영덕군2020",0.205304397,0.076229083,20949201,-0.027970343,1197,-0.027970343,-1045,0.000533743,0.000202866,0.000256055,2020,0.19904417036,-1.1154639987254
"483","청도군2020",0.270158598,0.073163606,23365684,0.003868562,-4600,0.003868562,166,0.000615781,0.000398472,0.000273714,2020,0.242728798228,-0.59764481397674
"484","고령군2020",0.208435318,0.069461263,41730061,-0.031137059,-662,-0.031137059,-1008,0.000415764,0.000643363,0.00017708,2020,0.196472882767,-1.14594295917769
"485","성주군2020",0.208325541,0.053409133,37678727,-0.006702261,-4667,-0.006702261,-295,0.000463065,0.000603758,0.000272243,2020,0.185046414518,-1.28138750253358
"486","칠곡군2020",0.227192257,0.07404821,33624450,-0.019462267,-72,-0.019462267,-2278,0.001686325,0.004456238,0.000769638,2020,0.212977010169,-0.95030998223863
"487","예천군2020",0.31370006,0.106506817,19314127,0.02722323,-7156,0.02722323,1500,0.000807059,0.000356666,0.000540071,2020,0.297086262039,0.0466856740994862
"488","봉화군2020",0.231040072,0.067177108,31013513,-0.015707621,3316,-0.015707621,-505,0.000371195,0.000280976,0.00020455,2020,0.21083954626,-0.975646579408062
"489","울진군2020",0.290443279,0.103360946,48308503,-0.010564951,-10928,-0.010564951,-521,0.000790455,0.000245112,0.000414496,2020,0.278419587075,-0.174581231069855
"490","울릉군2020",0.251183693,0.093411444,30553395,-0.062909431,-51,-0.062909431,-605,0.000174127,3.45e-05,8.58e-05,2020,0.243628761859,-0.586977024036627
"491","진주시2020",0.44900109,0.147427114,23167298,0.003446251,-2060,0.003446251,1197,0.007178652,0.005495873,0.005434553,2020,0.421674740228,1.52350503490174
"492","통영시2020",0.246015874,0.089192007,24564249,-0.035006545,-868,-0.035006545,-4600,0.002255024,0.002139337,0.001467658,2020,0.236991971867,-0.665646738092333
"493","사천시2020",0.29713231,0.11547322,38979376,-0.005914675,563,-0.005914675,-662,0.001833143,0.002555411,0.000961924,2020,0.29171210971,-0.0170172647495452
"494","김해시2020",0.334490658,0.118452513,27804868,-0.008603479,-41,-0.008603479,-4667,0.009291338,0.018587791,0.006301315,2020,0.320230821897,0.321031541328795
"495","밀양시2020",0.309469593,0.098111546,28209991,-0.000682128,-2025,-0.000682128,-72,0.001619908,0.001535579,0.000960453,2020,0.288159865273,-0.0591240745855684
"496","거제시2020",0.273907937,0.113002478,36189381,-0.028822762,-45,-0.028822762,-7156,0.00413077,0.010422532,0.003233557,2020,0.273545663405,-0.232354670023088
"497","양산시2020",0.347559628,0.119465036,29301131,0.009453785,-268,0.009453785,3316,0.006469035,0.010702628,0.003563191,2020,0.330186437448,0.439041216124862
"498","창원시2020",0.350502557,0.122426153,35808914,-0.010460019,-21,-0.010460019,-10928,0.018472672,0.032671598,0.013544443,2020,0.33436059797,0.488519957366363
"499","의령군2020",0.231608612,0.071959891,33285215,-0.001877208,-825,-0.001877208,-51,0.000329684,0.00038373,0.000197192,2020,0.214622931621,-0.930799922383931
"500","함안군2020",0.267150014,0.094276905,57843666,-0.031354642,3991,-0.031354642,-2060,0.00094339,0.002035264,0.000425287,2020,0.255528831733,-0.445918606434296
"501","창녕군2020",0.231910773,0.074587591,42412251,-0.013925655,3304,-0.013925655,-868,0.000914769,0.001225559,0.000365933,2020,0.216694343348,-0.906246279967769
"502","고성군2020",0.281687654,0.068082853,90358128,0.020652971,-267,0.020652971,563,0.000653578,0.000172722,0.000163836,2020,0.247287748449,-0.543604937664157
"503","남해군2020",0.244238289,0.087652883,24098337,-0.000939893,-66,-0.000939893,-41,0.000738894,0.000181744,0.000313938,2020,0.234647058604,-0.693442352554748
"504","하동군2020",0.242959258,0.081782721,55321623,-0.043479194,-1294,-0.043479194,-2025,0.000680997,0.000312,0.000356123,2020,0.229592579153,-0.75335602371052
"505","산청군2020",0.277011379,0.074564495,28489733,-0.001270576,-113,-0.001270576,-45,0.000478358,0.000322782,0.000210436,2020,0.248564142918,-0.528475095071646
"506","함양군2020",0.281585286,0.08219838,24983557,-0.006761359,-107,-0.006761359,-268,0.00054128,0.000374049,0.000316881,2020,0.257195051862,-0.426167934609468
"507","거창군2020",0.26599287,0.098797352,24225266,-0.000337735,-211,-0.000337735,-21,0.000995169,0.00069287,0.000586671,2020,0.257906686954,-0.417732511872403
"508","합천군2020",0.234838923,0.0803625,23587422,-0.018250597,-581,-0.018250597,-825,0.000610756,0.00030716,0.000306089,2020,0.222847406061,-0.833310465397468
"509","제주시2020",0.389648132,0.130496454,28591440,0.0081548,2506,0.0081548,3991,0.011954043,0.002533629,0.007278936,2020,0.367742222302,0.884211676417137
"510","서귀포시2020",0.335885019,0.093858019,27610371,0.018195436,872,0.018195436,3304,0.004201339,0.000656785,0.00201852,2020,0.303828327866,0.12660328357548
